3.342,30.701294,286.999989
33.755,30.353882,81.000004
63.964,28.978028,96.999998
94.176,28.614624,112.000000
124.377,28.478640,115.999997
154.584,28.320190,125.000000
184.794,28.297607,125.999999
214.992,28.207154,128.999996
245.2,28.161988,102.999997
275.407,28.139405,123.000002
305.613,28.161988,98.000002
335.815,28.116943,88.000002
366.024,28.094360,118.999994
396.233,28.184571,122.000003
426.432,28.139405,106.999993
456.639,28.161988,126.999998
486.849,28.116943,73.000002
517.053,28.184571,57.000003
547.258,28.207154,59.000001
577.464,28.184571,67.000003
607.675,28.184571,70.999999
637.871,28.229737,101.999998
668.08,28.161988,75.000000
698.289,28.207154,70.999999
728.485,28.229737,63.000002
758.694,28.207154,80.000000
788.901,28.207154,78.000002
819.111,28.229737,86.000004
849.314,28.252320,77.000003
879.524,28.207154,75.999999
909.733,28.274903,70.000000
939.935,28.139405,67.000003
970.146,28.184571,69.000001
1000.36,28.184571,63.000002
1030.56,28.184571,65.999999
1060.77,28.207154,67.000003
1090.98,28.229737,60.999999
1121.33,28.229737,81.000004
1151.53,28.229737,75.999999
1181.75,28.184571,106.999993
1211.96,28.229737,118.999994
1242.15,28.252320,122.000003
1272.36,28.184571,89.000006
1302.57,28.207154,113.000000
1332.78,28.229737,110.000002
1362.98,28.274903,89.000006
1393.19,28.320190,100.000000
1423.4,28.252320,112.000000
1453.6,28.320190,107.999992
1483.81,28.252320,111.000001
1514.01,28.274903,109.000004
1544.22,28.274903,95.000000
1574.42,28.274903,88.000002
1604.63,28.274903,85.000000
1634.84,28.274903,60.000000
1665.04,28.274903,60.999999
1695.25,28.342773,63.000002
1725.46,28.342773,91.999998
1755.66,28.320190,86.000004
1785.87,28.297607,64.000001
1816.07,28.320190,67.000003
1846.28,28.342773,64.000001
1876.48,28.320190,75.999999
1906.69,28.297607,67.000003
1936.9,28.320190,62.000003
1967.1,28.320190,60.000000
1997.31,28.342773,64.000001
2027.52,28.388062,62.000003
2057.73,28.410645,90.000000
2087.93,28.342773,80.000000
2118.14,28.342773,88.000002
2148.35,28.320190,89.000006
2178.55,28.388062,105.999994
2208.89,28.433228,70.000000
2239.1,28.433228,60.000000
2269.3,28.388062,63.000002
2299.51,28.342773,77.000003
2329.71,28.410645,84.000006
2359.92,28.388062,103.999996
2390.12,28.410645,74.000001
2420.33,28.659914,104.999995
2450.54,28.455933,81.000004
2480.74,28.410645,75.999999
2510.95,28.501223,70.999999
2541.16,28.433228,74.000001
2571.37,28.478640,74.000001
2601.58,28.523806,123.000002
2631.79,28.478640,120.999992
2662.0,28.455933,94.000006
2692.2,28.523806,77.000003
2722.41,28.569214,70.999999
2752.62,28.523806,73.000002
2782.82,28.546510,73.000002
2813.04,28.478640,73.000002
2843.25,28.546510,75.000000
2873.46,28.659914,75.999999
2903.67,28.659914,81.000004
2933.88,28.659914,102.999997
2964.09,28.614624,83.000002
2994.3,28.546510,74.000001
3024.51,28.569214,74.000001
3054.72,28.614624,78.000002
3084.93,28.569214,73.000002
3115.15,28.569214,80.000000
3145.36,28.546510,111.000001
3175.58,28.523806,115.999997
3205.78,28.569214,79.000001
3235.99,28.569214,77.000003
3266.21,28.523806,88.000002
3296.41,28.569214,83.000002
3326.76,28.546510,91.000004
3356.97,28.501223,114.999998
3387.18,28.546510,113.000000
3417.39,28.546510,117.999995
3447.61,28.569214,113.000000
3477.82,28.569214,81.000004
3508.02,28.478640,79.000001
3538.23,28.546510,72.000003
3568.45,28.591797,74.000001
3598.65,28.569214,79.000001
3628.86,28.614624,81.999998
3659.07,28.591797,96.000004
3689.29,28.569214,115.999997
3719.5,28.637207,110.000002
3749.71,28.546510,110.000002
3779.93,28.546510,111.000001
3810.14,28.523806,104.999995
3840.35,28.546510,99.000006
3870.63,28.523806,95.000000
3900.84,28.591797,79.000001
3931.04,28.614624,83.000002
3961.24,28.546510,89.000006
3991.45,28.591797,99.000006
4021.65,28.614624,111.000001
4051.86,28.546510,107.999992
4082.07,28.569214,96.000004
4112.27,28.569214,72.000003
4142.47,28.591797,103.999996
4172.68,28.546510,105.999994
4202.89,28.546510,85.000000
4233.09,28.501223,65.000000
4263.3,28.591797,65.000000
4293.5,28.546510,65.000000
4323.7,28.569214,70.999999
4353.91,28.569214,65.000000
4384.12,28.523806,100.000000
4414.45,28.478640,93.000002
4444.65,28.614624,107.999992
4474.86,28.569214,98.000002
4505.07,28.569214,99.000006
4535.27,28.569214,106.999993
4565.48,28.569214,70.999999
4595.69,28.614624,89.000006
4625.9,28.569214,100.999999
4656.1,28.614624,109.000004
4686.31,28.614624,100.999999
4716.52,28.591797,106.999993
4746.72,28.659914,100.999999
4776.92,28.637207,100.999999
4807.13,28.614624,104.999995
4837.33,28.614624,74.000001
4867.54,28.569214,68.000002
4897.75,28.659914,75.000000
4927.96,28.637207,70.999999
4958.16,28.637207,104.999995
4988.37,28.546510,73.000002
5018.58,28.569214,68.000002
5048.78,28.614624,84.000006
5078.98,28.614624,70.999999
5109.19,28.637207,70.999999
5139.39,28.614624,67.000003
5169.6,28.614624,65.000000
5199.81,28.546510,75.000000
5230.01,28.569214,88.000002
5260.21,28.637207,63.000002
5290.42,28.569214,63.000002
5320.63,28.569214,62.000003
5350.83,28.614624,64.000001
5381.03,28.614624,58.000002
5411.25,28.569214,62.000003
5441.45,28.569214,60.000000
5471.65,28.591797,62.000003
5501.99,28.591797,63.000002
5532.2,28.523806,63.000002
5562.39,28.614624,62.000003
5592.61,28.523806,65.000000
5622.81,28.569214,65.000000
5653.02,28.569214,65.999999
5683.22,28.569214,60.999999
5713.43,28.569214,94.000006
5743.64,28.591797,98.000002
5773.84,28.569214,98.000002
5804.05,28.591797,86.999998
5834.26,28.569214,99.000006
5864.46,28.614624,100.999999
5894.67,28.569214,100.999999
5924.88,28.614624,98.000002
5955.09,28.569214,94.000006
5985.3,28.501223,93.000002
6015.52,28.523806,93.000002
6045.73,28.569214,72.000003
6075.93,28.523806,98.000002
6106.15,28.523806,91.999998
6136.36,28.546510,89.000006
6166.57,28.523806,95.000000
6196.78,28.546510,100.999999
6226.99,28.501223,98.000002
6257.2,28.523806,96.999998
6287.4,28.569214,78.000002
6317.62,28.546510,65.999999
6347.83,28.569214,70.000000
6378.04,28.546510,63.000002
6408.25,28.569214,69.000001
6438.46,28.546510,63.000002
6468.68,28.591797,68.000002
6498.88,28.523806,70.000000
6529.1,28.523806,70.000000
6559.31,28.546510,78.000002
6589.52,28.546510,83.000002
6619.86,28.569214,69.000001
6650.08,28.591797,68.000002
6680.29,28.523806,58.000002
6710.49,28.546510,59.000001
6740.71,28.546510,65.000000
6770.93,28.523806,62.000003
6801.13,28.569214,67.000003
6831.34,28.523806,67.000003
6861.56,28.546510,67.000003
6891.76,28.523806,57.000003
6921.97,28.523806,65.000000
6952.19,28.569214,65.000000
6982.4,28.546510,63.000002
7012.61,28.501223,63.000002
7042.82,28.523806,67.000003
7073.03,28.546510,70.000000
7103.24,28.501223,67.000003
7133.45,28.478640,70.000000
7163.66,28.501223,67.000003
7193.87,28.523806,65.000000
7224.08,28.546510,65.999999
7254.29,28.501223,68.000002
7284.51,28.478640,60.999999
7314.71,28.546510,64.000001
7344.92,28.478640,65.000000
7375.13,28.523806,65.000000
7405.34,28.478640,60.999999
7435.55,28.478640,63.000002
7465.77,28.501223,59.000001
7495.98,28.501223,59.000001
7526.19,28.546510,62.000003
7556.4,28.546510,59.000001
7586.62,28.478640,57.000003
7616.82,28.501223,67.000003
7647.03,28.501223,65.999999
7677.24,28.478640,57.000003
7707.45,28.478640,60.999999
7737.79,28.478640,62.000003
7768.0,28.523806,57.000003
7798.21,28.501223,57.000003
7828.42,28.455933,60.000000
7858.63,28.478640,57.000003
7888.84,28.410645,60.999999
7919.04,28.478640,55.999999
7949.26,28.523806,57.000003
7979.47,28.478640,60.999999
8009.68,28.433228,60.000000
8039.89,28.501223,58.000002
8070.1,28.478640,64.000001
8100.31,28.523806,58.000002
8130.52,28.455933,57.000003
8160.73,28.433228,60.999999
8190.94,28.455933,59.000001
8221.15,28.455933,60.999999
8251.36,28.501223,58.000002
8281.64,28.523806,57.000003
8311.86,28.455933,63.000002
8342.06,28.478640,55.000000
8372.27,28.433228,64.000001
8402.48,28.455933,60.999999
8432.68,28.569214,59.000001
8462.9,28.478640,58.000002
8493.11,28.501223,64.000001
8523.32,28.501223,60.999999
8553.52,28.455933,60.999999
8583.74,28.478640,55.999999
8613.95,28.433228,63.000002
8644.15,28.455933,63.000002
8674.36,28.501223,65.000000
8704.57,28.410645,58.000002
8734.79,28.455933,63.000002
8764.99,28.478640,55.999999
8795.2,28.433228,65.000000
8825.54,28.478640,64.000001
8855.74,28.433228,55.999999
8885.95,28.478640,64.000001
8916.16,28.501223,65.000000
8946.36,28.365356,64.000001
8976.57,28.433228,69.000001
9006.78,28.410645,75.999999
9037.0,28.478640,79.000001
9067.2,28.410645,90.000000
9097.42,28.388062,86.000004
9127.63,28.455933,90.000000
9157.84,28.433228,86.999998
9188.05,28.478640,86.000004
9218.26,28.433228,81.000004
9248.47,28.410645,81.999998
9278.68,28.455933,90.000000
9308.89,28.433228,84.000006
9339.1,28.433228,81.999998
9369.3,28.433228,85.000000
9399.52,28.433228,85.000000
9429.73,28.433228,81.000004
9459.93,28.455933,84.000006
9490.15,28.388062,78.000002
9520.36,28.433228,81.999998
9550.58,28.388062,70.999999
9580.78,28.410645,64.000001
9611.0,28.433228,62.000003
9641.21,28.478640,50.999999
9671.42,28.410645,55.999999
9701.63,28.455933,6.000000
9731.84,28.455933,5.000000
9762.05,28.410645,4.000000
9792.26,28.433228,5.000000
9822.48,28.410645,5.000000
9852.69,28.410645,5.000000
9882.89,28.388062,5.000000
9913.11,28.478640,5.000000
9943.46,28.433228,5.000000
9973.66,28.455933,5.000000
10003.9,28.388062,4.000000
10034.1,28.410645,5.000000
10064.3,28.410645,4.000000
10094.5,28.433228,5.000000
10124.7,28.388062,5.000000
10154.9,28.410645,5.000000
10185.1,28.388062,5.000000
10215.4,28.433228,5.000000
10245.6,28.388062,4.000000
10275.8,28.433228,5.000000
10306.0,28.455933,5.000000
10336.2,28.455933,4.000000
10366.4,28.433228,5.000000
10396.6,28.365356,5.000000
10426.8,28.455933,5.000000
10457.0,28.410645,5.000000
10487.3,28.433228,5.000000
10517.5,28.410645,4.000000
10547.7,28.433228,5.000000
10577.9,28.455933,5.000000
10608.1,28.410645,5.000000
10638.3,28.410645,5.000000
10668.5,28.433228,4.000000
10698.7,28.410645,4.000000
10728.9,28.365356,4.000000
10759.2,28.388062,4.000000
10789.4,28.388062,4.000000
10819.6,28.388062,4.000000
10849.8,28.410645,4.000000
10880.0,28.478640,4.000000
10910.2,28.433228,4.000000
10940.4,28.342773,4.000000
10970.6,28.410645,3.000000
11000.8,28.410645,4.000000
11031.0,28.388062,4.000000
11061.2,28.342773,4.000000
11091.6,28.410645,3.000000
11121.8,28.410645,4.000000
11152.0,28.410645,4.000000
11182.2,28.433228,4.000000
11212.4,28.410645,4.000000
11242.6,28.320190,3.000000
11272.8,28.388062,3.000000
11303.0,28.388062,4.000000
11333.3,28.410645,4.000000
11363.5,28.342773,4.000000
11393.7,28.433228,3.000000
11423.9,28.388062,3.000000
11454.1,28.388062,2.000000
11484.3,28.365356,3.000000
11514.5,28.342773,3.000000
11544.7,28.433228,2.000000
11574.9,28.365356,3.000000
11605.2,28.365356,4.000000
11635.4,28.410645,4.000000
11665.6,28.342773,2.000000
11695.8,28.297607,2.000000
11726.0,28.342773,2.000000
11756.2,28.342773,2.000000
11786.4,28.365356,4.000000
11816.6,28.342773,3.000000
11846.9,28.365356,3.000000
11877.1,28.388062,3.000000
11907.3,28.388062,3.000000
11937.5,28.342773,3.000000
11967.7,28.342773,4.000000
11997.9,28.365356,2.000000
12028.1,28.297607,3.000000
12058.4,28.342773,3.000000
12088.6,28.342773,3.000000
12118.8,28.342773,4.000000
12149.0,28.342773,2.000000
12179.2,28.365356,3.000000
12209.4,28.388062,3.000000
12239.8,28.342773,3.000000
12270.0,28.320190,3.000000
12300.2,28.342773,3.000000
12330.4,28.342773,3.000000
12360.7,28.320190,4.000000
12390.9,28.342773,3.000000
12421.1,28.365356,4.000000
12451.3,28.274903,3.000000
12481.5,28.320190,2.000000
12511.7,28.320190,3.000000
12541.9,28.320190,3.000000
12572.1,28.320190,3.000000
12602.3,28.297607,3.000000
12632.6,28.342773,2.000000
12662.8,28.274903,3.000000
12693.0,28.320190,2.000000
12723.2,28.297607,3.000000
12753.4,28.342773,3.000000
12783.6,28.365356,3.000000
12813.9,28.297607,3.000000
12844.1,28.320190,3.000000
12874.3,28.365356,3.000000
12904.5,28.342773,3.000000
12934.7,28.365356,3.000000
12964.9,28.365356,3.000000
12995.2,28.274903,3.000000
13025.4,28.342773,3.000000
13055.6,28.274903,3.000000
13085.8,28.320190,3.000000
13116.0,28.365356,3.000000
13146.2,28.365356,3.000000
13176.4,28.342773,3.000000
13206.7,28.320190,3.000000
13236.9,28.320190,3.000000
13267.1,28.297607,3.000000
13297.3,28.320190,3.000000
13327.5,28.342773,3.000000
13357.8,28.320190,3.000000
13388.1,28.320190,3.000000
13418.3,28.274903,2.000000
13448.5,28.297607,3.000000
13478.7,28.320190,3.000000
13509.0,28.274903,2.000000
13539.2,28.320190,3.000000
13569.4,28.274903,3.000000
13599.6,28.297607,3.000000
13629.8,28.297607,3.000000
13660.0,28.252320,3.000000
13690.2,28.320190,3.000000
13720.5,28.297607,3.000000
13750.7,28.297607,3.000000
13780.9,28.274903,3.000000
13811.1,28.274903,3.000000
13841.3,28.252320,3.000000
13871.5,28.274903,2.000000
13901.7,28.297607,3.000000
13932.0,28.252320,3.000000
13962.2,28.342773,3.000000
13992.4,28.252320,3.000000
14022.6,28.297607,3.000000
14052.8,28.252320,3.000000
14083.0,28.297607,3.000000
14113.2,28.252320,2.000000
14143.5,28.207154,3.000000
14173.7,28.252320,3.000000
14203.9,28.207154,3.000000
14234.1,28.229737,3.000000
14264.3,28.297607,3.000000
14294.5,28.252320,3.000000
14324.7,28.252320,3.000000
14355.0,28.229737,3.000000
14385.2,28.229737,3.000000
14415.4,28.229737,3.000000
14445.6,28.252320,3.000000
14475.8,28.229737,3.000000
14506.0,28.274903,3.000000
14536.4,28.252320,3.000000
14566.6,28.252320,2.000000
14596.8,28.229737,3.000000
14627.0,28.252320,3.000000
14657.2,28.207154,3.000000
14687.4,28.274903,3.000000
14717.6,28.207154,3.000000
14747.9,28.229737,3.000000
14778.1,28.229737,3.000000
14808.3,28.184571,3.000000
14838.5,28.252320,3.000000
14868.7,28.184571,3.000000
14898.9,28.207154,2.000000
14929.2,28.252320,3.000000
14959.4,28.229737,3.000000
14989.6,28.252320,3.000000
15019.8,28.207154,3.000000
15050.0,28.207154,3.000000
15080.2,28.207154,2.000000
15110.4,28.229737,3.000000
15140.7,28.252320,3.000000
15170.9,28.229737,3.000000
15201.1,28.207154,3.000000
15231.3,28.207154,3.000000
15261.5,28.139405,3.000000
15291.7,28.161988,3.000000
15321.9,28.161988,2.000000
15352.2,28.274903,3.000000
15382.4,28.229737,3.000000
15412.6,28.207154,2.000000
15442.8,28.184571,3.000000
15473.0,28.207154,3.000000
15503.2,28.207154,3.000000
15533.4,28.252320,3.000000
15563.7,28.184571,3.000000
15593.9,28.229737,3.000000
15624.1,28.161988,3.000000
15654.3,28.184571,2.000000
15684.7,28.184571,3.000000
15714.9,28.229737,3.000000
15745.1,28.207154,3.000000
15775.3,28.139405,2.000000
15805.5,28.207154,2.000000
15835.7,28.229737,2.000000
15865.9,28.207154,2.000000
15896.2,28.229737,3.000000
15926.4,28.161988,3.000000
15956.6,28.229737,2.000000
15986.8,28.184571,3.000000
16017.0,28.184571,3.000000
16047.2,28.207154,3.000000
16077.4,28.184571,2.000000
16107.6,28.161988,3.000000
16137.8,28.161988,3.000000
16168.1,28.207154,3.000000
16198.3,28.184571,3.000000
16228.5,28.184571,3.000000
16258.7,28.161988,3.000000
16288.9,28.184571,3.000000
16319.1,28.184571,2.000000
16349.3,28.161988,3.000000
16379.5,28.161988,3.000000
16409.7,28.139405,3.000000
16440.0,28.139405,3.000000
16470.2,28.184571,3.000000
16500.4,28.116943,3.000000
16530.6,28.139405,3.000000
16560.8,28.161988,3.000000
16591.0,28.184571,2.000000
16621.2,28.161988,3.000000
16651.4,28.116943,3.000000
16681.7,28.139405,3.000000
16711.9,28.184571,2.000000
16742.1,28.139405,3.000000
16772.3,28.139405,3.000000
16802.5,28.161988,3.000000
16832.9,28.207154,2.000000
16863.1,28.161988,3.000000
16893.3,28.184571,2.000000
16923.5,28.184571,3.000000
16953.7,28.116943,3.000000
16983.9,28.139405,3.000000
17014.1,28.139405,3.000000
17044.4,28.184571,2.000000
17074.6,28.139405,3.000000
17104.8,28.161988,3.000000
17135.0,28.161988,2.000000
17165.2,28.116943,3.000000
17195.4,28.161988,3.000000
17225.6,28.184571,2.000000
17255.8,28.161988,3.000000
17286.0,28.139405,3.000000
17316.3,28.184571,2.000000
17346.5,28.139405,2.000000
17376.7,28.094360,3.000000
17407.0,28.116943,3.000000
17437.2,28.161988,3.000000
17467.4,28.161988,3.000000
17497.6,28.116943,3.000000
17527.8,28.139405,3.000000
17558.0,28.161988,3.000000
17588.2,28.139405,3.000000
17618.4,28.139405,2.000000
17648.6,28.139405,3.000000
17678.9,28.116943,3.000000
17709.1,28.116943,3.000000
17739.3,28.161988,3.000000
17769.5,28.116943,3.000000
17799.7,28.116943,3.000000
17829.9,28.116943,2.000000
17860.1,28.139405,3.000000
17890.3,28.139405,3.000000
17920.5,28.116943,2.000000
17950.7,28.139405,3.000000
17981.1,28.116943,3.000000
18011.3,28.094360,3.000000
18041.5,28.094360,3.000000
18071.7,28.139405,3.000000
18101.9,28.161988,3.000000
18132.1,28.094360,2.000000
18162.3,28.116943,3.000000
18192.5,28.116943,2.000000
18222.7,28.094360,2.000000
18253.0,28.094360,3.000000
18283.2,28.116943,3.000000
18313.4,28.071777,3.000000
18343.6,28.094360,2.000000
18373.8,28.116943,3.000000
18404.0,28.116943,3.000000
18434.2,28.071777,3.000000
18464.4,28.049194,2.000000
18494.6,28.049194,3.000000
18524.9,28.116943,3.000000
18555.1,28.116943,3.000000
18585.3,28.116943,3.000000
18615.5,28.049194,3.000000
18645.7,28.116943,2.000000
18675.9,28.116943,3.000000
18706.1,28.071777,3.000000
18736.3,28.026611,3.000000
18766.5,28.049194,3.000000
18796.7,28.094360,3.000000
18826.9,28.094360,3.000000
18857.1,28.049194,2.000000
18887.4,28.094360,3.000000
18917.6,28.071777,3.000000
18947.8,28.071777,3.000000
18978.0,28.116943,3.000000
19008.2,28.049194,3.000000
19038.4,28.094360,2.000000
19068.6,28.049194,3.000000
19098.8,28.116943,2.000000
19129.2,28.004028,3.000000
19159.4,28.071777,3.000000
19189.6,28.026611,3.000000
19219.8,28.094360,3.000000
19250.0,28.026611,3.000000
19280.2,28.004028,3.000000
19310.4,28.094360,3.000000
19340.7,28.026611,2.000000
19370.9,28.049194,2.000000
19401.1,28.026611,3.000000
19431.3,28.026611,3.000000
19461.5,28.026611,3.000000
19491.7,28.049194,3.000000
19521.9,28.049194,3.000000
19552.1,28.026611,3.000000
19582.4,28.026611,3.000000
19612.6,28.071777,3.000000
19642.8,27.981567,3.000000
19673.0,28.026611,3.000000
19703.2,28.026611,3.000000
19733.4,28.049194,3.000000
19763.6,27.981567,3.000000
19793.8,28.004028,3.000000
19824.0,28.026611,3.000000
19854.2,28.026611,3.000000
19884.5,28.004028,3.000000
19914.7,28.049194,3.000000
19944.9,27.981567,3.000000
19975.1,28.026611,2.000000
20005.3,28.004028,3.000000
20035.5,28.026611,3.000000
20065.7,27.981567,3.000000
20096.0,28.026611,3.000000
20126.2,28.026611,3.000000
20156.4,28.004028,3.000000
20186.6,27.981567,3.000000
20216.8,28.004028,3.000000
20247.0,27.958984,3.000000
20277.4,28.004028,3.000000
20307.6,27.981567,3.000000
20337.8,27.981567,3.000000
20368.0,27.981567,3.000000
20398.3,28.004028,3.000000
20428.5,27.958984,3.000000
20458.7,28.004028,3.000000
20488.9,28.004028,3.000000
20519.1,28.049194,2.000000
20549.3,28.026611,3.000000
20579.5,27.981567,3.000000
20609.7,27.936523,3.000000
20640.0,27.981567,2.000000
20670.2,27.981567,3.000000
20700.4,28.004028,2.000000
20730.6,27.981567,3.000000
20760.8,27.936523,3.000000
20791.0,28.026611,3.000000
20821.2,27.958984,3.000000
20851.4,28.004028,3.000000
20881.6,27.958984,3.000000
20911.9,27.958984,3.000000
20942.1,28.004028,3.000000
20972.3,27.936523,3.000000
21002.5,27.958984,3.000000
21032.7,27.936523,3.000000
21062.9,27.981567,3.000000
21093.1,27.936523,3.000000
21123.3,27.981567,2.000000
21153.5,27.936523,3.000000
21183.8,27.981567,3.000000
21214.0,28.026611,3.000000
21244.2,27.936523,2.000000
21274.4,27.958984,3.000000
21304.6,28.004028,3.000000
21334.8,27.958984,3.000000
21365.0,27.981567,3.000000
21395.2,27.936523,3.000000
21425.6,27.936523,3.000000
21455.8,27.958984,3.000000
21486.0,27.936523,3.000000
21516.2,28.004028,3.000000
21546.5,27.891481,3.000000
21576.7,27.936523,3.000000
21606.9,27.936523,3.000000
21637.1,27.958984,3.000000
21667.3,27.913940,3.000000
21697.5,27.981567,3.000000
21727.7,27.936523,3.000000
21758.0,27.891481,2.000000
21788.2,27.958984,3.000000
21818.4,27.936523,3.000000
21848.6,27.958984,3.000000
21878.8,27.913940,3.000000
21909.0,27.891481,3.000000
21939.2,27.891481,3.000000
21969.4,27.891481,3.000000
21999.6,27.913940,2.000000
22029.9,27.913940,3.000000
22060.1,27.891481,3.000000
22090.3,27.936523,3.000000
22120.5,27.913940,3.000000
22150.7,27.868898,3.000000
22180.9,27.958984,3.000000
22211.1,27.936523,3.000000
22241.3,27.913940,3.000000
22271.5,27.913940,3.000000
22301.7,27.868898,2.000000
22331.9,27.913940,3.000000
22362.1,27.913940,2.000000
22392.3,27.913940,3.000000
22422.5,27.913940,3.000000
22452.8,27.913940,3.000000
22483.0,27.868898,3.000000
22513.2,27.891481,3.000000
22543.5,27.891481,3.000000
22573.7,27.891481,3.000000
22603.9,27.891481,3.000000
22634.1,27.823975,3.000000
22664.3,27.891481,3.000000
22694.5,27.868898,3.000000
22724.7,27.868898,3.000000
22755.0,27.846437,3.000000
22785.2,27.891481,3.000000
22815.4,27.868898,3.000000
22845.6,27.868898,3.000000
22875.8,27.936523,3.000000
22906.0,27.891481,3.000000
22936.2,27.823975,3.000000
22966.4,27.868898,3.000000
22996.6,27.868898,3.000000
23026.8,27.823975,3.000000
23057.0,27.846437,3.000000
23087.3,27.891481,3.000000
23117.5,27.846437,3.000000
23147.7,27.846437,3.000000
23177.9,27.868898,3.000000
23208.1,27.846437,3.000000
23238.3,27.868898,3.000000
23268.5,27.868898,2.000000
23298.7,27.891481,3.000000
23328.9,27.846437,3.000000
23359.1,27.846437,3.000000
23389.4,27.913940,3.000000
23419.6,27.823975,3.000000
23449.8,27.846437,3.000000
23480.0,27.868898,3.000000
23510.2,27.846437,3.000000
23540.4,27.846437,2.000000
23570.6,27.868898,2.000000
23600.8,27.868898,3.000000
23631.1,27.868898,3.000000
23661.3,27.846437,2.000000
23691.6,27.823975,3.000000
23721.8,27.868898,3.000000
23752.0,27.846437,3.000000
23782.2,27.913940,3.000000
23812.4,27.868898,3.000000
23842.7,27.801392,2.000000
23872.9,27.823975,3.000000
23903.1,27.823975,3.000000
23933.3,27.846437,3.000000
23963.5,27.846437,3.000000
23993.7,27.778931,2.000000
24023.9,27.846437,3.000000
24054.1,27.868898,3.000000
24084.4,27.823975,3.000000
24114.6,27.846437,3.000000
24144.8,27.868898,3.000000
24175.0,27.823975,3.000000
24205.2,27.801392,3.000000
24235.4,27.801392,3.000000
24265.6,27.846437,3.000000
24295.8,27.801392,3.000000
24326.0,27.801392,3.000000
24356.2,27.823975,3.000000
24386.5,27.846437,3.000000
24416.7,27.823975,3.000000
24446.9,27.846437,3.000000
24477.1,27.823975,3.000000
24507.3,27.801392,3.000000
24537.5,27.756348,3.000000
24567.7,27.823975,3.000000
24597.9,27.823975,3.000000
24628.1,27.868898,2.000000
24658.4,27.778931,3.000000
24688.6,27.868898,3.000000
24718.8,27.823975,2.000000
24749.0,27.823975,2.000000
24779.2,27.823975,2.000000
24809.4,27.711427,3.000000
24839.7,27.778931,3.000000
24869.9,27.823975,3.000000
24900.2,27.801392,3.000000
24930.4,27.734010,3.000000
24960.6,27.756348,2.000000
24990.8,27.778931,3.000000
25021.0,27.778931,3.000000
25051.2,27.846437,3.000000
25081.4,27.823975,3.000000
25111.6,27.823975,3.000000
25141.8,27.778931,3.000000
25172.1,27.734010,2.000000
25202.3,27.734010,3.000000
25232.5,27.778931,3.000000
25262.7,27.756348,3.000000
25292.9,27.711427,3.000000
25323.1,27.801392,3.000000
25353.3,27.756348,3.000000
25383.5,27.801392,2.000000
25413.7,27.801392,3.000000
25443.9,27.734010,3.000000
25474.2,27.756348,3.000000
25504.4,27.801392,3.000000
25534.6,27.801392,2.000000
25564.8,27.711427,3.000000
25595.0,27.778931,3.000000
25625.2,27.778931,3.000000
25655.4,27.711427,3.000000
25685.6,27.734010,3.000000
25715.8,27.734010,3.000000
25746.0,27.734010,3.000000
25776.3,27.778931,3.000000
25806.5,27.756348,3.000000
25836.7,27.734010,3.000000
25866.9,27.734010,3.000000
25897.1,27.756348,3.000000
25927.3,27.778931,3.000000
25957.5,27.734010,2.000000
25987.9,27.734010,3.000000
26018.1,27.756348,3.000000
26048.3,27.734010,3.000000
26078.5,27.756348,3.000000
26108.7,27.756348,3.000000
26138.9,27.778931,3.000000
26169.1,27.756348,3.000000
26199.3,27.756348,2.000000
26229.5,27.688966,3.000000
26259.7,27.756348,3.000000
26290.0,27.756348,3.000000
26320.2,27.756348,2.000000
26350.4,27.756348,3.000000
26380.6,27.756348,3.000000
26410.8,27.778931,3.000000
26441.0,27.756348,3.000000
26471.2,27.756348,3.000000
26501.4,27.711427,2.000000
26531.6,27.756348,3.000000
26561.9,27.734010,3.000000
26592.1,27.666504,3.000000
26622.3,27.688966,3.000000
26652.5,27.711427,3.000000
26682.8,27.688966,2.000000
26713.0,27.688966,3.000000
26743.2,27.688966,3.000000
26773.4,27.688966,3.000000
26803.6,27.711427,3.000000
26833.8,27.711427,3.000000
26864.0,27.734010,3.000000
26894.2,27.734010,3.000000
26924.4,27.711427,3.000000
26954.7,27.734010,2.000000
26984.9,27.688966,3.000000
27015.1,27.778931,2.000000
27045.3,27.688966,3.000000
27075.5,27.734010,2.000000
27105.7,27.688966,3.000000
27136.1,27.734010,3.000000
27166.3,27.734010,3.000000
27196.5,27.734010,2.000000
27226.7,27.666504,3.000000
27256.9,27.666504,3.000000
27287.1,27.711427,2.000000
27317.3,27.688966,3.000000
27347.5,27.756348,3.000000
27377.8,27.666504,3.000000
27408.0,27.688966,3.000000
27438.2,27.756348,3.000000
27468.4,27.734010,3.000000
27498.6,27.644043,2.000000
27528.8,27.711427,3.000000
27559.0,27.711427,3.000000
27589.2,27.666504,3.000000
27619.5,27.688966,2.000000
27649.7,27.666504,3.000000
27679.9,27.688966,3.000000
27710.1,27.644043,3.000000
27740.3,27.711427,3.000000
27770.5,27.666504,3.000000
27800.7,27.666504,3.000000
27831.0,27.688966,3.000000
27861.2,27.644043,3.000000
27891.4,27.644043,3.000000
27921.6,27.688966,3.000000
27951.8,27.666504,3.000000
27982.0,27.666504,3.000000
28012.2,27.711427,2.000000
28042.4,27.711427,2.000000
28072.7,27.711427,2.000000
28102.9,27.688966,3.000000
28133.1,27.621582,3.000000
28163.3,27.666504,3.000000
28193.5,27.666504,3.000000
28223.7,27.688966,3.000000
28253.9,27.644043,3.000000
28284.3,27.644043,3.000000
28314.5,27.644043,3.000000
28344.7,27.621582,2.000000
28374.9,27.688966,3.000000
28405.1,27.644043,3.000000
28435.4,27.644043,3.000000
28465.6,27.644043,3.000000
28495.8,27.644043,3.000000
28526.0,27.688966,3.000000
28556.2,27.644043,2.000000
28586.4,27.621582,3.000000
28616.6,27.644043,2.000000
28646.9,27.576661,3.000000
28677.1,27.644043,3.000000
28707.3,27.621582,2.000000
28737.5,27.688966,2.000000
28767.7,27.621582,3.000000
28797.9,27.621582,3.000000
28828.1,27.576661,3.000000
28858.4,27.621582,3.000000
28888.6,27.576661,3.000000
28918.8,27.688966,3.000000
28949.0,27.644043,2.000000
28979.2,27.621582,3.000000
29009.4,27.621582,3.000000
29039.6,27.599123,3.000000
29069.8,27.621582,2.000000
29100.0,27.599123,3.000000
29130.3,27.644043,3.000000
29160.5,27.576661,3.000000
29190.7,27.621582,3.000000
29220.9,27.599123,3.000000
29251.1,27.599123,2.000000
29281.3,27.576661,3.000000
29311.5,27.688966,3.000000
29341.7,27.644043,3.000000
29372.0,27.621582,3.000000
29402.2,27.621582,2.000000
29432.5,27.599123,3.000000
29462.7,27.666504,3.000000
29492.9,27.554200,3.000000
29523.1,27.621582,3.000000
29553.4,27.644043,3.000000
29583.6,27.599123,2.000000
29613.8,27.554200,2.000000
29644.0,27.576661,3.000000
29674.2,27.576661,2.000000
29704.4,27.599123,3.000000
29734.6,27.599123,3.000000
29764.8,27.576661,3.000000
29795.1,27.621582,3.000000
29825.3,27.621582,3.000000
29855.5,27.666504,3.000000
29885.7,27.531738,3.000000
29915.9,27.509401,3.000000
29946.1,27.599123,3.000000
29976.3,27.599123,3.000000
30006.5,27.621582,3.000000
30036.7,27.576661,3.000000
30067.0,27.576661,3.000000
30097.2,27.554200,3.000000
30127.4,27.621582,3.000000
30157.6,27.644043,2.000000
30187.8,27.599123,3.000000
30218.0,27.554200,3.000000
30248.2,27.576661,3.000000
30278.5,27.644043,3.000000
30308.7,27.599123,3.000000
30338.9,27.576661,2.000000
30369.1,27.621582,3.000000
30399.3,27.621582,3.000000
30429.5,27.599123,3.000000
30459.7,27.599123,3.000000
30489.9,27.554200,3.000000
30520.2,27.644043,3.000000
30550.4,27.621582,2.000000
30580.7,27.576661,3.000000
30610.9,27.576661,3.000000
30641.1,27.599123,3.000000
30671.4,27.554200,3.000000
30701.6,27.531738,3.000000
30731.8,27.554200,3.000000
30762.0,27.576661,3.000000
30792.2,27.531738,3.000000
30822.4,27.554200,3.000000
30852.6,27.554200,3.000000
30882.9,27.599123,3.000000
30913.1,27.599123,3.000000
30943.3,27.599123,3.000000
30973.5,27.531738,2.000000
31003.7,27.554200,3.000000
31033.9,27.554200,3.000000
31064.1,27.554200,3.000000
31094.4,27.486818,2.000000
31124.6,27.554200,3.000000
31154.8,27.509401,3.000000
31185.0,27.576661,3.000000
31215.3,27.554200,3.000000
31245.5,27.599123,3.000000
31275.7,27.464478,2.000000
31305.9,27.509401,2.000000
31336.1,27.554200,3.000000
31366.3,27.554200,3.000000
31396.5,27.486818,3.000000
31426.7,27.576661,3.000000
31456.9,27.486818,3.000000
31487.1,27.442017,3.000000
31517.4,27.531738,3.000000
31547.6,27.554200,2.000000
31577.8,27.531738,3.000000
31608.0,27.554200,2.000000
31638.2,27.531738,2.000000
31668.4,27.486818,3.000000
31698.6,27.509401,3.000000
31728.9,27.464478,3.000000
31759.1,27.509401,3.000000
31789.4,27.464478,2.000000
31819.6,27.576661,3.000000
31849.8,27.509401,3.000000
31880.0,27.464478,3.000000
31910.2,27.486818,3.000000
31940.4,27.486818,3.000000
31970.6,27.554200,3.000000
32000.8,27.442017,3.000000
32031.0,27.531738,3.000000
32061.2,27.554200,2.000000
32091.5,27.531738,2.000000
32121.7,27.464478,3.000000
32151.9,27.531738,3.000000
32182.1,27.509401,3.000000
32212.3,27.531738,3.000000
32242.5,27.531738,3.000000
32272.7,27.509401,3.000000
32302.9,27.486818,2.000000
32333.2,27.531738,3.000000
32363.4,27.554200,3.000000
32393.6,27.442017,3.000000
32423.8,27.442017,3.000000
32454.0,27.509401,3.000000
32484.2,27.486818,3.000000
32514.4,27.531738,3.000000
32544.6,27.509401,3.000000
32574.9,27.442017,3.000000
32605.1,27.486818,3.000000
32635.3,27.509401,3.000000
32665.5,27.442017,3.000000
32695.7,27.464478,3.000000
32725.9,27.486818,3.000000
32756.1,27.464478,3.000000
32786.3,27.442017,3.000000
32816.5,27.464478,2.000000
32846.7,27.464478,3.000000
32877.1,27.509401,3.000000
32907.3,27.531738,2.000000
32937.5,27.464478,3.000000
32967.7,27.486818,3.000000
32997.9,27.419679,3.000000
33028.2,27.486818,3.000000
33058.4,27.464478,2.000000
33088.6,27.419679,3.000000
33118.8,27.442017,3.000000
33149.0,27.464478,3.000000
33179.2,27.419679,2.000000
33209.4,27.464478,2.000000
33239.6,27.419679,3.000000
33269.9,27.464478,3.000000
33300.1,27.464478,3.000000
33330.3,27.442017,3.000000
33360.5,27.442017,3.000000
33390.7,27.509401,2.000000
33420.9,27.509401,3.000000
33451.1,27.442017,3.000000
33481.3,27.419679,3.000000
33511.5,27.442017,3.000000
33541.8,27.464478,2.000000
33572.0,27.442017,3.000000
33602.2,27.486818,2.000000
33632.4,27.464478,3.000000
33662.6,27.397218,3.000000
33692.8,27.442017,2.000000
33723.0,27.397218,3.000000
33753.2,27.419679,2.000000
33783.5,27.374756,3.000000
33813.7,27.509401,3.000000
33843.9,27.464478,2.000000
33874.1,27.397218,3.000000
33904.3,27.464478,2.000000
33934.5,27.442017,3.000000
33964.7,27.442017,3.000000
33995.0,27.442017,3.000000
34025.3,27.419679,3.000000
34055.5,27.397218,3.000000
34085.7,27.442017,3.000000
34115.9,27.374756,3.000000
34146.2,27.464478,2.000000
34176.4,27.374756,3.000000
34206.6,27.374756,2.000000
34236.8,27.397218,3.000000
34267.0,27.419679,2.000000
34297.2,27.352295,3.000000
34327.4,27.374756,3.000000
34357.6,27.329957,3.000000
34387.9,27.442017,3.000000
34418.1,27.486818,3.000000
34448.3,27.352295,3.000000
34478.5,27.374756,3.000000
34508.7,27.442017,2.000000
34538.9,27.419679,3.000000
34569.1,27.397218,3.000000
34599.3,27.419679,3.000000
34629.5,27.419679,3.000000
34659.7,27.419679,2.000000
34690.0,27.419679,3.000000
34720.2,27.374756,2.000000
34750.4,27.397218,3.000000
34780.6,27.419679,3.000000
34810.8,27.397218,3.000000
34841.0,27.419679,3.000000
34871.2,27.374756,3.000000
34901.5,27.397218,2.000000
34931.7,27.329957,3.000000
34961.9,27.397218,3.000000
34992.1,27.397218,3.000000
35022.3,27.442017,3.000000
35052.5,27.419679,3.000000
35082.7,27.329957,3.000000
35113.0,27.352295,3.000000
35143.2,27.374756,3.000000
35173.5,27.352295,3.000000
35203.7,27.442017,2.000000
35233.9,27.397218,3.000000
35264.1,27.397218,2.000000
35294.4,27.352295,3.000000
35324.6,27.397218,3.000000
35354.8,27.397218,3.000000
35385.0,27.419679,3.000000
35415.2,27.374756,3.000000
35445.4,27.329957,2.000000
35475.7,27.329957,3.000000
35505.9,27.397218,3.000000
35536.1,27.397218,3.000000
35566.3,27.397218,3.000000
35596.5,27.352295,3.000000
35626.7,27.419679,3.000000
35656.9,27.419679,3.000000
35687.1,27.329957,3.000000
35717.4,27.397218,3.000000
35747.6,27.285156,3.000000
35777.9,27.352295,3.000000
35808.1,27.352295,3.000000
35838.3,27.329957,3.000000
35868.5,27.329957,3.000000
35898.7,27.262819,3.000000
35929.0,27.374756,3.000000
35959.2,27.352295,3.000000
35989.4,27.352295,2.000000
36019.6,27.329957,3.000000
36049.8,27.329957,3.000000
36080.0,27.374756,3.000000
36110.2,27.352295,3.000000
36140.5,27.352295,3.000000
36170.7,27.397218,3.000000
36200.9,27.352295,3.000000
36231.1,27.374756,3.000000
36261.3,27.329957,3.000000
36291.6,27.262819,3.000000
36321.9,27.307496,3.000000
36352.1,27.307496,3.000000
36382.4,27.374756,3.000000
36412.6,27.352295,3.000000
36442.8,27.307496,3.000000
36473.0,27.352295,3.000000
36503.2,27.285156,2.000000
36533.4,27.285156,3.000000
36563.7,27.352295,3.000000
36593.9,27.329957,3.000000
36624.1,27.285156,3.000000
36654.3,27.262819,2.000000
36684.5,27.285156,3.000000
36714.8,27.329957,2.000000
36745.0,27.307496,3.000000
36775.2,27.307496,3.000000
36805.4,27.329957,3.000000
36835.6,27.262819,3.000000
36865.8,27.285156,3.000000
36896.1,27.285156,3.000000
36926.3,27.352295,3.000000
36956.5,27.307496,3.000000
36986.7,27.262819,2.000000
37016.9,27.329957,2.000000
37047.2,27.307496,3.000000
37077.4,27.352295,3.000000
37107.6,27.307496,3.000000
37137.8,27.307496,2.000000
37168.0,27.262819,3.000000
37198.2,27.329957,3.000000
37228.5,27.285156,3.000000
37258.7,27.285156,3.000000
37288.9,27.329957,3.000000
37319.1,27.262819,3.000000
37349.3,27.307496,3.000000
37379.6,27.262819,3.000000
37409.8,27.262819,3.000000
37440.0,27.285156,2.000000
37470.3,27.307496,3.000000
37500.5,27.307496,3.000000
37530.7,27.307496,2.000000
37560.9,27.307496,3.000000
37591.1,27.262819,2.000000
37621.3,27.329957,3.000000
37651.6,27.262819,2.000000
37681.8,27.285156,3.000000
37712.0,27.285156,3.000000
37742.2,27.240357,3.000000
37772.4,27.307496,3.000000
37802.7,27.307496,3.000000
37832.9,27.240357,3.000000
37863.1,27.307496,3.000000
37893.3,27.285156,3.000000
37923.5,27.307496,3.000000
37953.7,27.262819,2.000000
37984.0,27.240357,3.000000
38014.2,27.285156,3.000000
38044.4,27.285156,2.000000
38074.6,27.307496,3.000000
38104.8,27.262819,2.000000
38135.1,27.307496,2.000000
38165.3,27.285156,2.000000
38195.5,27.285156,3.000000
38225.7,27.262819,3.000000
38256.0,27.285156,3.000000
38286.2,27.262819,3.000000
38316.4,27.329957,3.000000
38346.6,27.262819,3.000000
38376.8,27.240357,3.000000
38407.0,27.262819,2.000000
38437.3,27.240357,3.000000
38467.5,27.262819,3.000000
38497.7,27.262819,3.000000
38527.9,27.262819,3.000000
38558.1,27.240357,3.000000
38588.5,27.240357,3.000000
38618.7,27.262819,3.000000
38648.9,27.240357,3.000000
38679.1,27.262819,2.000000
38709.4,27.240357,2.000000
38739.6,27.240357,3.000000
38769.8,27.262819,3.000000
38800.0,27.240357,3.000000
38830.2,27.262819,3.000000
38860.4,27.240357,3.000000
38890.7,27.262819,3.000000
38920.9,27.173219,3.000000
38951.1,27.195556,3.000000
38981.3,27.218018,3.000000
39011.5,27.218018,3.000000
39041.7,27.240357,3.000000
39072.0,27.285156,3.000000
39102.2,27.262819,3.000000
39132.4,27.240357,3.000000
39162.6,27.262819,3.000000
39192.8,27.218018,3.000000
39223.1,27.195556,3.000000
39253.3,27.262819,3.000000
39283.5,27.218018,3.000000
39313.7,27.240357,3.000000
39343.9,27.240357,3.000000
39374.1,27.240357,2.000000
39404.4,27.262819,3.000000
39434.6,27.150879,3.000000
39464.8,27.195556,3.000000
39495.0,27.240357,3.000000
39525.2,27.240357,3.000000
39555.5,27.240357,3.000000
39585.7,27.240357,3.000000
39615.9,27.173219,3.000000
39646.1,27.240357,3.000000
39676.3,27.218018,3.000000
39706.5,27.195556,2.000000
39736.9,27.173219,3.000000
39767.1,27.173219,3.000000
39797.3,27.195556,3.000000
39827.5,27.218018,3.000000
39857.8,27.218018,3.000000
39888.0,27.240357,3.000000
39918.2,27.173219,3.000000
39948.4,27.173219,2.000000
39978.6,27.240357,2.000000
40008.8,27.195556,3.000000
40039.1,27.262819,3.000000
40069.3,27.240357,3.000000
40099.5,27.262819,3.000000
40129.7,27.240357,3.000000
40159.9,27.195556,2.000000
40190.1,27.218018,3.000000
40220.4,27.218018,3.000000
40250.6,27.195556,2.000000
40280.8,27.240357,3.000000
40311.1,27.218018,3.000000
40341.3,27.195556,3.000000
40371.5,27.195556,3.000000
40401.7,27.195556,2.000000
40432.0,27.173219,3.000000
40462.2,27.150879,3.000000
40492.4,27.240357,3.000000
40522.6,27.150879,2.000000
40552.8,27.150879,2.000000
40583.0,27.173219,2.000000
40613.2,27.218018,3.000000
40643.5,27.195556,3.000000
40673.7,27.150879,3.000000
40703.9,27.195556,2.000000
40734.1,27.218018,3.000000
40764.3,27.173219,3.000000
40794.5,27.173219,3.000000
40824.7,27.173219,3.000000
40854.9,27.195556,3.000000
40885.3,27.150879,3.000000
40915.5,27.173219,2.000000
40945.7,27.195556,3.000000
40975.9,27.150879,3.000000
41006.1,27.173219,3.000000
41036.4,27.195556,3.000000
41066.6,27.150879,3.000000
41096.8,27.128417,3.000000
41127.0,27.173219,3.000000
41157.2,27.195556,3.000000
41187.4,27.218018,3.000000
41217.6,27.128417,3.000000
41247.9,27.218018,3.000000
41278.1,27.150879,3.000000
41308.3,27.218018,3.000000
41338.5,27.150879,3.000000
41368.7,27.128417,3.000000
41398.9,27.150879,3.000000
41429.1,27.106080,3.000000
41459.4,27.150879,3.000000
41489.6,27.128417,3.000000
41519.8,27.218018,2.000000
41550.0,27.128417,3.000000
41580.2,27.150879,3.000000
41610.4,27.150879,3.000000
41640.6,27.150879,3.000000
41670.9,27.173219,3.000000
41701.1,27.150879,2.000000
41731.3,27.106080,3.000000
41761.5,27.128417,2.000000
41791.7,27.106080,3.000000
41821.9,27.150879,3.000000
41852.1,27.128417,3.000000
41882.4,27.195556,2.000000
41912.6,27.128417,3.000000
41942.8,27.128417,2.000000
41973.0,27.128417,3.000000
42003.2,27.128417,3.000000
42033.6,27.128417,2.000000
42063.8,27.128417,3.000000
42094.0,27.128417,3.000000
42124.2,27.106080,3.000000
42154.5,27.106080,3.000000
42184.7,27.106080,2.000000
42214.9,27.128417,3.000000
42245.1,27.173219,3.000000
42275.3,27.083740,3.000000
42305.5,27.128417,3.000000
42335.7,27.106080,3.000000
42366.0,27.128417,3.000000
42396.2,27.128417,3.000000
42426.4,27.128417,3.000000
42456.6,27.173219,3.000000
42486.8,27.128417,3.000000
42517.0,27.128417,3.000000
42547.2,27.106080,3.000000
42577.4,27.173219,2.000000
42607.7,27.106080,3.000000
42637.9,27.106080,2.000000
42668.1,27.106080,3.000000
42698.3,27.173219,2.000000
42728.5,27.106080,3.000000
42758.7,27.106080,3.000000
42788.9,27.128417,3.000000
42819.1,27.128417,3.000000
42849.3,27.083740,3.000000
42879.6,27.061403,3.000000
42909.8,27.173219,3.000000
42940.0,27.083740,2.000000
42970.2,27.173219,3.000000
43000.4,27.083740,3.000000
43030.6,27.106080,3.000000
43060.8,27.128417,2.000000
43091.1,27.106080,3.000000
43121.3,27.061403,3.000000
43151.5,27.061403,3.000000
43181.8,27.106080,3.000000
43212.0,27.106080,3.000000
43242.3,27.106080,2.000000
43272.5,27.106080,3.000000
43302.7,27.083740,3.000000
43332.9,27.061403,3.000000
43363.1,27.083740,2.000000
43393.3,27.083740,3.000000
43423.6,27.039063,3.000000
43453.8,27.083740,3.000000
43484.0,27.128417,3.000000
43514.2,27.083740,2.000000
43544.4,27.106080,3.000000
43574.7,27.083740,3.000000
43604.9,27.061403,2.000000
43635.1,27.083740,3.000000
43665.3,27.083740,3.000000
43695.5,27.083740,3.000000
43725.7,27.083740,3.000000
43756.0,27.128417,3.000000
43786.2,27.061403,3.000000
43816.4,27.083740,2.000000
43846.6,27.061403,3.000000
43876.8,27.061403,3.000000
43907.0,27.083740,3.000000
43937.3,27.039063,3.000000
43967.5,27.083740,2.000000
43997.7,27.106080,2.000000
44027.9,27.106080,3.000000
44058.1,27.061403,3.000000
44088.4,27.106080,2.000000
44118.6,27.083740,3.000000
44148.8,27.039063,3.000000
44179.0,27.016723,3.000000
44209.2,27.061403,3.000000
44239.4,27.083740,3.000000
44269.7,27.083740,3.000000
44299.9,27.016723,3.000000
44330.2,27.128417,3.000000
44360.4,27.106080,3.000000
44390.6,27.128417,3.000000
44420.8,27.083740,2.000000
44451.1,27.039063,3.000000
44481.3,27.106080,3.000000
44511.5,27.039063,2.000000
44541.7,27.083740,3.000000
44571.9,27.039063,3.000000
44602.1,27.039063,3.000000
44632.3,27.039063,3.000000
44662.5,27.039063,3.000000
44692.8,27.083740,2.000000
44723.0,27.083740,3.000000
44753.2,27.083740,2.000000
44783.4,27.016723,3.000000
44813.6,27.061403,3.000000
44843.8,27.039063,3.000000
44874.0,27.039063,3.000000
44904.3,27.061403,3.000000
44934.5,26.994386,3.000000
44964.7,27.039063,3.000000
44994.9,27.039063,3.000000
45025.1,26.994386,3.000000
45055.4,27.061403,3.000000
45085.6,27.016723,3.000000
45115.8,27.083740,3.000000
45146.0,27.128417,3.000000
45176.2,27.061403,3.000000
45206.4,27.061403,3.000000
45236.6,27.039063,3.000000
45266.8,27.083740,2.000000
45297.0,26.994386,3.000000
45327.2,27.039063,3.000000
45357.5,27.016723,3.000000
45387.7,27.061403,3.000000
45417.9,27.016723,3.000000
45448.1,27.039063,3.000000
45478.4,27.083740,2.000000
45508.6,26.994386,3.000000
45538.8,26.994386,3.000000
45569.0,27.061403,3.000000
45599.3,27.016723,2.000000
45629.5,27.016723,3.000000
45659.7,27.039063,3.000000
45689.9,27.061403,3.000000
45720.1,26.994386,3.000000
45750.3,27.016723,3.000000
45780.5,27.016723,3.000000
45810.7,26.972046,3.000000
45840.9,27.016723,3.000000
45871.1,27.039063,3.000000
45901.4,27.016723,3.000000
45931.6,27.039063,3.000000
45961.8,27.016723,3.000000
45992.0,26.949708,3.000000
46022.2,26.994386,3.000000
46052.4,27.039063,3.000000
46082.6,26.994386,3.000000
46112.8,26.994386,3.000000
46143.0,27.061403,3.000000
46173.2,26.994386,3.000000
46203.4,26.994386,3.000000
46233.7,26.972046,3.000000
46263.9,27.016723,3.000000
46294.1,27.039063,3.000000
46324.3,26.972046,3.000000
46354.5,27.039063,3.000000
46384.7,27.016723,3.000000
46414.9,26.994386,3.000000
46445.1,27.016723,3.000000
46475.3,27.016723,3.000000
46505.5,26.972046,3.000000
46535.7,26.994386,3.000000
46566.0,27.016723,3.000000
46596.2,27.039063,2.000000
46626.5,26.994386,3.000000
46656.7,26.994386,3.000000
46686.9,26.994386,3.000000
46717.1,27.061403,3.000000
46747.4,26.972046,3.000000
46777.6,26.994386,3.000000
46807.8,27.016723,3.000000
46838.0,27.039063,3.000000
46868.2,27.016723,3.000000
46898.4,26.994386,2.000000
46928.6,26.949708,2.000000
46958.8,26.994386,3.000000
46989.0,27.016723,3.000000
47019.2,27.039063,3.000000
47049.5,26.994386,3.000000
47079.7,27.039063,3.000000
47109.9,26.972046,3.000000
47140.1,26.994386,3.000000
47170.3,26.949708,3.000000
47200.5,27.016723,3.000000
47230.7,26.994386,3.000000
47260.9,26.972046,3.000000
47291.1,27.039063,3.000000
47321.4,27.016723,3.000000
47351.6,26.994386,3.000000
47381.8,26.927369,2.000000
47412.0,26.972046,3.000000
47442.2,26.994386,3.000000
47472.4,26.972046,3.000000
47502.6,26.972046,2.000000
47532.8,27.016723,3.000000
47563.1,26.972046,3.000000
47593.3,27.016723,3.000000
47623.5,26.972046,3.000000
47653.7,26.949708,3.000000
47683.9,26.972046,3.000000
47714.1,26.972046,3.000000
47744.3,26.949708,3.000000
47774.7,27.016723,3.000000
47804.9,26.972046,2.000000
47835.1,26.972046,2.000000
47865.3,26.972046,2.000000
47895.5,26.972046,3.000000
47925.7,26.972046,3.000000
47956.0,26.972046,3.000000
47986.2,26.994386,3.000000
48016.4,26.972046,3.000000
48046.6,26.994386,3.000000
48076.8,26.949708,3.000000
48107.0,26.949708,3.000000
48137.2,26.949708,3.000000
48167.4,26.949708,3.000000
48197.6,26.994386,3.000000
48227.9,26.949708,3.000000
48258.1,26.972046,3.000000
48288.3,26.994386,3.000000
48318.5,26.927369,3.000000
48348.7,26.927369,2.000000
48378.9,26.949708,2.000000
48409.1,26.905029,3.000000
48439.3,26.972046,3.000000
48469.6,26.949708,3.000000
48499.8,26.949708,2.000000
48530.0,26.927369,2.000000
48560.2,26.972046,3.000000
48590.4,26.927369,3.000000
48620.6,26.972046,3.000000
48650.8,26.949708,3.000000
48681.1,26.860473,3.000000
48711.3,26.949708,3.000000
48741.5,26.972046,3.000000
48771.7,26.949708,3.000000
48801.9,26.905029,3.000000
48832.1,26.905029,3.000000
48862.3,27.016723,3.000000
48892.5,26.972046,2.000000
48922.9,26.949708,2.000000
48953.1,26.949708,3.000000
48983.3,26.927369,3.000000
49013.5,26.905029,3.000000
49043.7,26.927369,3.000000
49074.0,26.927369,3.000000
49104.2,26.972046,3.000000
49134.4,26.972046,3.000000
49164.6,26.927369,3.000000
49194.8,26.882813,3.000000
49225.0,26.994386,3.000000
49255.2,26.927369,3.000000
49285.4,26.927369,3.000000
49315.7,26.905029,3.000000
49345.9,26.927369,2.000000
49376.1,26.905029,3.000000
49406.3,26.949708,2.000000
49436.5,26.882813,3.000000
49466.7,26.905029,3.000000
49497.0,26.972046,3.000000
49527.2,26.905029,3.000000
49557.5,26.927369,3.000000
49587.7,26.882813,3.000000
49617.9,26.927369,3.000000
49648.1,26.927369,3.000000
49678.3,26.927369,3.000000
49708.5,26.949708,2.000000
49738.7,26.905029,3.000000
49768.9,26.949708,3.000000
49799.2,26.949708,3.000000
49829.4,26.927369,3.000000
49859.6,26.905029,3.000000
49889.8,26.927369,3.000000
49920.0,26.949708,3.000000
49950.2,26.949708,3.000000
49980.4,26.905029,3.000000
50010.6,26.882813,2.000000
50040.8,26.905029,2.000000
50071.2,26.882813,3.000000
50101.4,26.927369,3.000000
50131.6,26.860473,3.000000
50161.8,26.838136,3.000000
50192.0,26.905029,3.000000
50222.3,26.905029,3.000000
50252.5,26.949708,3.000000
50282.7,26.905029,2.000000
50312.9,26.882813,3.000000
50343.1,26.860473,3.000000
50373.3,26.860473,2.000000
50403.5,26.882813,3.000000
50433.8,26.882813,3.000000
50464.0,26.905029,3.000000
50494.2,26.905029,3.000000
50524.4,26.882813,3.000000
50554.6,26.882813,3.000000
50584.8,26.927369,3.000000
50615.1,26.838136,3.000000
50645.3,26.860473,3.000000
50675.5,26.860473,3.000000
50705.7,26.882813,3.000000
50735.9,26.927369,3.000000
50766.1,26.927369,3.000000
50796.4,26.815796,2.000000
50826.6,26.882813,2.000000
50856.8,26.927369,3.000000
50887.0,26.927369,3.000000
50917.2,26.838136,3.000000
50947.5,26.882813,3.000000
50977.7,26.949708,3.000000
51007.9,26.860473,3.000000
51038.1,26.882813,3.000000
51068.3,26.905029,3.000000
51098.5,26.882813,3.000000
51128.7,26.860473,3.000000
51159.0,26.882813,3.000000
51189.2,26.860473,3.000000
51219.5,26.838136,3.000000
51249.7,26.905029,3.000000
51280.0,26.905029,3.000000
51310.2,26.905029,3.000000
51340.4,26.905029,2.000000
51370.6,26.882813,3.000000
51400.8,26.905029,3.000000
51431.1,26.860473,3.000000
51461.3,26.838136,3.000000
51491.5,26.860473,3.000000
51521.7,26.838136,3.000000
51551.9,26.905029,3.000000
51582.1,26.927369,3.000000
51612.4,26.905029,3.000000
51642.6,26.860473,3.000000
51672.8,26.860473,3.000000
51703.0,26.838136,3.000000
51733.2,26.860473,3.000000
51763.4,26.882813,3.000000
51793.6,26.882813,3.000000
51823.9,26.860473,3.000000
51854.1,26.860473,3.000000
51884.3,26.838136,2.000000
51914.5,26.882813,2.000000
51944.7,26.882813,2.000000
51974.9,26.838136,3.000000
52005.2,26.838136,3.000000
52035.4,26.905029,4.000000
52065.6,26.905029,2.000000
52095.8,26.860473,3.000000
52126.0,26.860473,4.000000
52156.2,26.838136,3.000000
52186.5,26.838136,3.000000
52216.7,26.838136,4.000000
52246.9,26.815796,2.000000
52277.1,26.838136,4.000000
52307.3,26.815796,3.000000
52337.5,26.793580,3.000000
52367.9,26.815796,3.000000
52398.1,26.860473,3.000000
52428.3,26.860473,3.000000
52458.5,26.838136,4.000000
52488.8,26.860473,4.000000
52519.0,26.905029,4.000000
52549.2,26.882813,3.000000
52579.4,26.838136,3.000000
52609.6,26.815796,4.000000
52639.8,26.838136,3.000000
52670.1,26.815796,3.000000
52700.3,26.838136,3.000000
52730.5,26.815796,3.000000
52760.7,26.771240,4.000000
52790.9,26.838136,3.000000
52821.1,26.838136,2.000000
52851.4,26.771240,4.000000
52881.6,26.838136,3.000000
52911.8,26.815796,4.000000
52942.0,26.838136,4.000000
52972.2,26.815796,2.000000
53002.5,26.793580,4.000000
53032.7,26.838136,4.000000
53062.9,26.815796,3.000000
53093.1,26.815796,4.000000
53123.3,26.860473,4.000000
53153.5,26.793580,4.000000
53183.8,26.771240,4.000000
53214.0,26.815796,4.000000
53244.2,26.815796,4.000000
53274.4,26.748903,4.000000
53304.6,26.860473,3.000000
53334.9,26.771240,4.000000
53365.1,26.793580,3.000000
53395.3,26.882813,3.000000
53425.5,26.748903,4.000000
53455.7,26.838136,4.000000
53486.1,26.771240,4.000000
53516.3,26.793580,3.000000
53546.5,26.860473,4.000000
53576.8,26.815796,4.000000
53607.0,26.793580,4.000000
53637.2,26.838136,4.000000
53667.4,26.793580,3.000000
53697.6,26.771240,4.000000
53727.8,26.838136,4.000000
53758.0,26.771240,4.000000
53788.3,26.793580,4.000000
53818.5,26.793580,4.000000
53848.7,26.771240,4.000000
53878.9,26.771240,3.000000
53909.1,26.748903,4.000000
53939.4,26.815796,4.000000
53969.6,26.815796,4.000000
53999.8,26.815796,4.000000
54030.0,26.793580,3.000000
54060.3,26.793580,4.000000
54090.5,26.748903,4.000000
54120.7,26.771240,3.000000
54150.9,26.815796,4.000000
54181.1,26.748903,4.000000
54211.4,26.815796,5.000000
54241.6,26.793580,5.000000
54271.8,26.815796,5.000000
54302.0,26.771240,5.000000
54332.2,26.838136,4.000000
54362.4,26.726685,4.000000
54392.7,26.815796,4.000000
54422.9,26.748903,4.000000
54453.1,26.793580,4.000000
54483.3,26.793580,4.000000
54513.5,26.793580,4.000000
54543.7,26.771240,4.000000
54574.0,26.793580,3.000000
54604.2,26.748903,3.000000
54634.5,26.748903,4.000000
54664.7,26.726685,4.000000
54695.0,26.748903,4.000000
54725.2,26.815796,4.000000
54755.4,26.815796,3.000000
54785.6,26.771240,3.000000
54815.8,26.726685,3.000000
54846.0,26.793580,4.000000
54876.2,26.726685,4.000000
54906.5,26.748903,4.000000
54936.7,26.748903,4.000000
54966.9,26.815796,4.000000
54997.1,26.748903,4.000000
55027.3,26.793580,4.000000
55057.5,26.771240,5.000000
55087.8,26.771240,5.000000
55118.0,26.838136,5.000000
55148.2,26.771240,6.000000
55178.4,26.771240,6.000000
55208.6,26.771240,6.000000
55238.8,26.771240,6.000000
55269.1,26.771240,6.000000
55299.3,26.771240,6.000000
55329.5,26.771240,6.000000
55359.7,26.726685,7.000000
55389.9,26.726685,6.000000
55420.1,26.793580,7.000000
55450.4,26.771240,7.000000
55480.6,26.793580,7.000000
55510.8,26.771240,7.000000
55541.0,26.793580,6.000000
55571.2,26.771240,6.000000
55601.4,26.793580,7.000000
55631.6,26.726685,6.000000
55661.9,26.726685,7.000000
55692.1,26.771240,6.000000
55722.3,26.748903,6.000000
55752.5,26.771240,6.000000
55782.9,26.771240,6.000000
55813.1,26.771240,6.000000
55843.3,26.815796,6.000000
55873.5,26.748903,6.000000
55903.7,26.726685,6.000000
55933.9,26.771240,6.000000
55964.1,26.748903,5.000000
55994.3,26.748903,5.000000
56024.6,26.748903,5.000000
56054.8,26.771240,5.000000
56085.0,26.748903,5.000000
56115.2,26.704347,5.000000
56145.4,26.726685,5.000000
56175.6,26.726685,5.000000
56205.8,26.704347,5.000000
56236.0,26.704347,5.000000
56266.3,26.771240,5.000000
56296.5,26.704347,6.000000
56326.7,26.726685,6.000000
56356.9,26.748903,6.000000
56387.1,26.726685,6.000000
56417.3,26.748903,6.000000
56447.5,26.704347,6.000000
56477.8,26.682007,5.000000
56508.0,26.682007,6.000000
56538.2,26.682007,6.000000
56568.4,26.748903,6.000000
56598.6,26.704347,6.000000
56628.8,26.704347,6.000000
56659.0,26.682007,6.000000
56689.3,26.682007,6.000000
56719.5,26.704347,6.000000
56749.7,26.748903,6.000000
56779.9,26.682007,6.000000
56810.1,26.682007,6.000000
56840.3,26.704347,6.000000
56870.5,26.704347,6.000000
56900.7,26.704347,6.000000
56931.1,26.726685,6.000000
56961.3,26.726685,6.000000
56991.5,26.748903,5.000000
57021.7,26.704347,6.000000
57051.9,26.726685,6.000000
57082.2,26.748903,5.000000
57112.4,26.704347,6.000000
57142.6,26.748903,6.000000
57172.8,26.682007,6.000000
57203.0,26.748903,6.000000
57233.2,26.726685,5.000000
57263.4,26.726685,5.000000
57293.6,26.704347,6.000000
57323.9,26.748903,6.000000
57354.1,26.659913,5.000000
57384.3,26.704347,6.000000
57414.5,26.682007,6.000000
57444.7,26.704347,6.000000
57474.9,26.726685,6.000000
57505.1,26.726685,6.000000
57535.3,26.704347,6.000000
57565.6,26.704347,5.000000
57595.8,26.704347,6.000000
57626.0,26.748903,6.000000
57656.2,26.704347,6.000000
57686.4,26.659913,5.000000
57716.6,26.726685,6.000000
57746.8,26.682007,6.000000
57777.1,26.659913,6.000000
57807.3,26.748903,6.000000
57837.5,26.637573,5.000000
57867.7,26.726685,5.000000
57897.9,26.682007,6.000000
57928.2,26.682007,6.000000
57958.4,26.682007,6.000000
57988.6,26.659913,6.000000
58018.8,26.726685,6.000000
58049.0,26.726685,6.000000
58079.4,26.726685,6.000000
58109.6,26.682007,6.000000
58139.8,26.704347,6.000000
58170.0,26.682007,6.000000
58200.2,26.682007,6.000000
58230.5,26.682007,6.000000
58260.7,26.659913,6.000000
58290.9,26.659913,6.000000
58321.1,26.659913,6.000000
58351.3,26.659913,6.000000
58381.5,26.704347,6.000000
58411.8,26.659913,6.000000
58442.0,26.726685,6.000000
58472.2,26.637573,6.000000
58502.4,26.704347,6.000000
58532.6,26.615236,6.000000
58562.8,26.704347,6.000000
58593.0,26.704347,6.000000
58623.2,26.637573,6.000000
58653.5,26.659913,6.000000
58683.7,26.637573,6.000000
58714.0,26.682007,6.000000
58744.2,26.726685,6.000000
58774.4,26.659913,6.000000
58804.6,26.682007,7.000000
58834.8,26.659913,6.000000
58865.0,26.682007,6.000000
58895.2,26.637573,6.000000
58925.4,26.615236,7.000000
58955.6,26.682007,6.000000
58985.8,26.659913,7.000000
59016.0,26.682007,7.000000
59046.3,26.637573,7.000000
59076.5,26.682007,7.000000
59106.7,26.659913,6.000000
59136.9,26.682007,6.000000
59167.1,26.637573,6.000000
59197.3,26.682007,6.000000
59227.6,26.659913,5.000000
59257.8,26.704347,6.000000
59288.0,26.682007,7.000000
59318.3,26.704347,7.000000
59348.5,26.682007,7.000000
59378.7,26.659913,7.000000
59408.9,26.659913,7.000000
59439.1,26.682007,7.000000
59469.3,26.704347,7.000000
59499.5,26.659913,7.000000
59529.7,26.682007,7.000000
59559.9,26.704347,7.000000
59590.1,26.637573,7.000000
59620.3,26.637573,7.000000
59650.5,26.637573,7.000000
59680.8,26.682007,7.000000
59711.0,26.615236,7.000000
59741.2,26.659913,7.000000
59771.4,26.659913,6.000000
59801.6,26.682007,6.000000
59831.8,26.637573,7.000000
59862.0,26.659913,60.000000
59892.2,26.593018,37.000000
59922.4,26.259522,45.999999
59952.6,26.281738,85.000000
59982.8,26.281738,77.000003
60013.0,26.259522,80.000000
60043.2,26.215210,88.000002
60073.5,26.259522,75.999999
60103.7,26.281738,91.999998
60133.9,26.259522,91.000004
60164.1,26.192994,91.000004
60194.3,26.237428,45.000000
60224.5,26.259522,79.000001
60254.7,26.281738,85.000000
60284.9,26.281738,95.000000
60315.1,26.215210,95.000000
60345.4,26.192994,96.000004
60375.7,26.326172,91.999998
60405.9,26.370606,89.000006
60436.1,26.370606,90.000000
60466.3,26.303957,78.000002
60496.5,26.237428,79.000001
60526.7,26.259522,94.000006
60556.9,25.993409,86.000004
60587.1,25.882690,88.000002
60617.3,25.727785,89.000006
60647.5,25.705688,86.999998
60677.7,25.683472,86.999998
60708.0,25.749879,88.000002
60738.2,25.794189,89.000006
60768.4,25.816286,89.000006
60798.6,25.661500,91.000004
60828.8,25.727785,90.000000
60859.0,25.705688,88.000002
60889.2,25.727785,90.000000
60919.4,25.794189,91.000004
60949.6,25.683472,91.000004
60979.8,25.727785,90.000000
61010.1,25.816286,89.000006
61040.3,25.794189,88.000002
61070.5,25.816286,90.000000
61100.7,25.816286,91.000004
61130.9,25.838380,89.000006
61161.1,25.772095,88.000002
61191.3,25.772095,91.999998
61221.6,25.882690,91.000004
61251.8,25.904787,91.000004
61282.0,25.882690,72.000003
61312.2,25.860474,93.000002
61342.4,25.860474,93.000002
61372.6,25.971191,93.000002
61402.9,25.971191,93.000002
61433.1,25.949097,94.000006
61463.4,25.993409,95.000000
61493.6,26.015625,30.000000
61523.8,25.396485,114.999998
61554.0,25.352418,117.999995
61584.3,25.462646,118.999994
61614.5,25.484741,120.999992
61644.7,25.506837,125.000000
61674.9,25.573120,123.000002
61705.1,25.595093,125.000000
61735.3,25.617311,123.000002
61765.5,25.617311,124.000001
61795.7,25.727785,122.000003
61826.0,25.749879,120.999992
61856.2,25.772095,119.999992
61886.4,25.727785,122.000003
61916.6,25.794189,109.000004
61946.8,25.794189,106.999993
61977.0,25.816286,106.999993
62007.2,25.816286,110.000002
62037.5,25.838380,106.999993
62067.7,25.838380,100.999999
62097.9,25.860474,101.999998
62128.1,25.926881,117.999995
62158.3,25.949097,127.999997
62188.5,25.949097,135.000002
62218.7,25.949097,138.999998
62249.0,25.993409,138.000000
62279.2,26.015625,137.000000
62309.4,26.037719,122.000003
62339.6,25.993409,125.000000
62369.8,25.993409,54.000001
62400.0,26.015625,50.000000
62430.2,26.015625,75.999999
62460.5,26.037719,69.000001
62490.7,26.037719,67.000003
62520.9,26.059816,68.000002
62551.2,26.037719,70.999999
62581.4,26.059816,79.000001
62611.7,26.059816,94.000006
62641.9,26.082032,103.999996
62672.1,26.037719,107.999992
62702.3,26.126344,98.000002
62732.5,26.082032,84.000006
62762.7,26.104248,69.000001
62793.0,26.148560,62.000003
62823.2,26.170776,64.000001
62853.4,26.059816,67.000003
62883.6,26.126344,70.000000
62913.8,26.104248,73.000002
62944.0,26.082032,73.000002
62974.3,26.170776,81.999998
63004.5,26.148560,85.000000
63034.7,26.126344,91.000004
63064.9,26.126344,81.999998
63095.2,26.126344,91.999998
63125.4,26.148560,96.000004
63155.6,26.192994,101.999998
63185.8,26.148560,91.999998
63216.0,26.148560,79.000001
63246.3,26.192994,69.000001
63276.5,26.148560,62.000003
63306.7,26.126344,57.000003
63336.9,26.126344,54.000001
63367.1,26.170776,54.000001
63397.3,26.126344,54.000001
63427.5,26.170776,55.000000
63457.7,26.126344,54.000001
63488.0,26.148560,53.000002
63518.2,26.126344,55.000000
63548.4,26.192994,54.000001
63578.6,26.170776,52.000003
63608.8,26.148560,55.999999
63639.2,26.170776,54.000001
63669.4,26.192994,55.000000
63699.6,26.170776,55.999999
63729.8,26.170776,55.999999
63760.0,26.192994,64.000001
63790.2,26.126344,68.000002
63820.4,26.170776,67.000003
63850.7,26.192994,64.000001
63880.9,26.104248,64.000001
63911.1,26.126344,67.000003
63941.3,26.170776,73.000002
63971.5,26.192994,83.000002
64001.7,26.192994,95.000000
64031.9,26.237428,107.999992
64062.1,26.237428,111.000001
64092.4,26.237428,116.999996
64122.6,26.170776,123.000002
64152.8,26.215210,125.999999
64183.0,26.237428,124.000001
64213.2,26.148560,115.999997
64243.4,26.192994,109.000004
64273.6,26.237428,103.999996
64303.8,26.170776,96.999998
64334.0,26.237428,86.000004
64364.3,26.170776,77.000003
64394.5,26.170776,70.999999
64424.7,26.148560,69.000001
64454.9,26.215210,70.000000
64485.1,26.148560,78.000002
64515.3,26.192994,95.000000
64545.5,26.215210,113.000000
64575.7,26.237428,106.999993
64606.0,26.215210,113.000000
64636.2,26.148560,114.999998
64666.4,26.215210,107.999992
64696.6,26.237428,99.000006
64726.9,26.192994,91.000004
64757.1,26.215210,85.000000
64787.3,26.170776,78.000002
64817.6,26.192994,70.999999
64847.8,26.192994,67.000003
64878.0,26.215210,64.000001
64908.2,26.170776,64.000001
64938.4,26.192994,65.000000
64968.6,26.192994,67.000003
64998.8,26.215210,69.000001
65029.0,26.259522,73.000002
65059.2,26.215210,75.999999
65089.5,26.237428,79.000001
65119.7,26.192994,80.000000
65149.9,26.192994,80.000000
65180.1,26.192994,80.000000
65210.3,26.215210,81.000004
65240.5,26.215210,81.000004
65270.8,26.192994,81.000004
65301.0,26.192994,81.000004
65331.2,26.192994,81.999998
65361.4,26.192994,83.000002
65391.6,26.192994,84.000006
65421.9,26.148560,85.000000
65452.1,26.126344,89.000006
65482.3,26.215210,93.000002
65512.5,26.170776,86.999998
65542.7,26.192994,90.000000
65572.9,26.192994,89.000006
65603.2,26.192994,90.000000
65633.4,26.215210,91.999998
65663.6,26.215210,96.000004
65693.8,26.170776,91.999998
65724.0,26.148560,96.000004
65754.2,26.170776,96.999998
65784.4,26.170776,93.000002
65814.7,26.148560,86.000004
65845.0,26.148560,84.000006
65875.2,26.170776,81.000004
65905.4,26.192994,85.000000
65935.6,26.215210,84.000006
65965.8,26.148560,84.000006
65996.0,26.192994,85.000000
66026.2,26.148560,86.000004
66056.4,26.192994,86.000004
66086.7,26.259522,84.000006
66116.9,26.148560,81.999998
66147.1,26.192994,75.999999
66177.3,26.170776,68.000002
66207.5,26.215210,72.000003
66237.7,26.148560,74.000001
66267.9,26.148560,68.000002
66298.1,26.148560,62.000003
66328.3,26.126344,58.000002
66358.5,26.148560,54.000001
66388.7,26.148560,52.000003
66418.9,26.215210,50.999999
66449.2,26.170776,50.999999
66479.4,26.148560,53.000002
66509.6,26.148560,54.000001
66539.8,26.170776,53.000002
66570.0,26.170776,53.000002
66600.2,26.148560,53.000002
66630.4,26.170776,55.000000
66660.6,26.215210,55.999999
66690.8,26.215210,55.999999
66721.0,26.148560,55.999999
66751.2,26.170776,57.000003
66781.4,26.148560,57.000003
66811.7,26.192994,58.000002
66841.9,26.170776,55.000000
66872.1,26.126344,54.000001
66902.3,26.170776,58.000002
66932.6,26.170776,64.000001
66962.8,26.170776,65.000000
66993.0,26.126344,58.000002
67023.2,26.192994,54.000001
67053.5,26.148560,50.000000
67083.7,26.104248,48.000002
67113.9,26.148560,47.000003
67144.1,26.104248,45.999999
67174.3,26.104248,45.999999
67204.5,26.126344,45.000000
67234.7,26.170776,44.000001
67264.9,26.148560,43.000002
67295.2,26.170776,42.000003
67325.3,26.170776,40.000000
67355.6,26.104248,36.000001
67385.8,26.104248,33.000000
67416.0,26.126344,32.000000
67446.2,26.059816,31.000001
67476.4,26.082032,31.000001
67506.7,26.126344,31.000001
67536.9,26.059816,33.000000
67567.1,26.015625,34.000001
67597.3,26.059816,34.000001
67627.5,26.170776,35.000000
67657.7,26.059816,37.000000
67687.9,26.059816,40.000000
67718.1,26.059816,40.999999
67748.3,26.037719,42.000003
67778.5,26.015625,44.000001
67808.7,26.015625,45.000000
67838.9,26.059816,47.000003
67869.1,26.082032,48.000002
67899.3,26.082032,52.000003
67929.5,26.082032,55.000000
67959.7,26.059816,59.000001
67989.9,26.015625,65.000000
68020.1,26.037719,70.999999
68050.4,26.037719,75.999999
68080.7,25.993409,81.999998
68110.9,26.059816,83.000002
68141.1,26.059816,84.000006
68171.3,26.015625,86.000004
68201.5,25.949097,88.000002
68231.7,25.949097,88.000002
68261.9,25.993409,89.000006
68292.1,25.993409,90.000000
68322.3,25.949097,91.000004
68352.5,26.037719,91.000004
68382.7,26.015625,88.000002
68412.9,26.015625,86.000004
68443.1,25.993409,83.000002
68473.3,25.971191,81.999998
68503.5,26.015625,81.000004
68533.7,26.037719,75.000000
68563.9,25.971191,70.000000
68594.1,26.015625,65.000000
68624.3,26.037719,60.999999
68654.5,25.971191,57.000003
68684.7,26.015625,53.000002
68714.9,26.015625,49.000001
68745.1,26.015625,45.000000
68775.3,26.059816,42.000003
68805.6,25.993409,38.000000
68835.7,25.993409,35.000000
68866.0,25.993409,33.000000
68896.2,25.971191,31.000001
68926.4,25.993409,31.000001
68956.6,25.949097,30.000000
68986.8,25.926881,29.000001
69017.0,25.949097,29.000001
69047.2,25.926881,29.000001
69077.4,25.949097,29.000001
69107.6,25.926881,29.000001
69137.9,25.971191,29.000001
69168.1,25.926881,30.000000
69198.3,25.882690,30.000000
69228.6,25.882690,31.000001
69258.7,25.882690,32.000000
69288.9,25.816286,33.000000
69319.2,25.882690,35.000000
69349.3,25.882690,36.000001
69379.6,25.882690,37.000000
69409.8,25.882690,38.000000
69440.0,25.860474,39.000001
69470.2,25.904787,40.000000
69500.4,25.971191,40.999999
69530.6,25.882690,43.000002
69560.8,25.860474,44.000001
69591.0,25.838380,45.999999
69621.2,25.904787,47.000003
69651.4,25.860474,47.000003
69681.6,25.904787,48.000002
69711.8,25.904787,48.000002
69742.0,25.838380,49.000001
69772.2,25.904787,50.000000
69802.4,25.949097,50.999999
69832.6,25.904787,52.000003
69862.8,25.904787,53.000002
69893.0,25.882690,54.000001
69923.2,25.882690,55.000000
69953.4,25.882690,57.000003
69983.6,25.882690,58.000002
70013.8,25.860474,60.000000
70044.0,25.926881,62.000003
70074.2,25.860474,64.000001
70104.4,25.904787,67.000003
70134.6,25.882690,70.000000
70164.8,25.882690,72.000003
70195.0,25.838380,73.000002
70225.2,25.882690,72.000003
70255.6,25.838380,70.999999
70285.7,25.904787,69.000001
70316.0,25.926881,68.000002
70346.2,25.882690,68.000002
70376.4,25.816286,68.000002
70406.6,25.904787,67.000003
70436.8,25.860474,68.000002
70467.0,25.904787,68.000002
70497.2,25.904787,68.000002
70527.4,25.904787,69.000001
70557.6,25.904787,69.000001
70587.8,25.904787,69.000001
70618.0,25.949097,69.000001
70648.2,25.904787,70.000000
70678.4,25.904787,70.999999
70708.6,25.904787,72.000003
70738.8,25.904787,73.000002
70769.0,25.882690,74.000001
70799.2,25.926881,74.000001
70829.4,25.882690,73.000002
70859.7,25.926881,73.000002
70889.8,25.860474,73.000002
70920.1,25.926881,73.000002
70950.2,25.926881,74.000001
70980.5,25.882690,74.000001
71010.7,25.904787,74.000001
71040.9,25.882690,74.000001
71071.1,25.860474,74.000001
71101.3,25.904787,75.000000
71131.5,25.926881,75.000000
71161.7,25.882690,75.000000
71191.9,25.926881,74.000001
71222.1,25.860474,74.000001
71252.3,25.904787,73.000002
71282.5,25.926881,73.000002
71312.7,25.904787,72.000003
71342.9,25.904787,70.999999
71373.3,25.904787,70.000000
71403.5,25.882690,68.000002
71433.7,25.949097,68.000002
71463.9,25.904787,67.000003
71494.1,25.838380,67.000003
71524.3,25.882690,65.999999
71554.5,25.904787,67.000003
71584.7,25.882690,65.999999
71614.9,25.816286,65.999999
71645.1,25.860474,65.999999
71675.3,25.882690,65.999999
71705.5,25.904787,67.000003
71735.7,25.838380,68.000002
71765.9,25.904787,70.000000
71796.1,25.860474,70.999999
71826.3,25.838380,74.000001
71856.5,25.816286,77.000003
71886.7,25.882690,79.000001
71917.0,25.860474,81.000004
71947.2,25.838380,83.000002
71977.4,25.860474,84.000006
72007.6,25.838380,86.000004
72037.8,25.860474,86.999998
72068.0,25.860474,88.000002
72098.2,25.816286,88.000002
72128.4,25.838380,89.000006
72158.6,25.882690,89.000006
72188.8,25.816286,90.000000
72219.1,25.860474,91.000004
72249.3,25.816286,91.000004
72279.5,25.860474,91.000004
72309.7,25.838380,91.000004
72339.9,25.838380,90.000000
72370.1,25.860474,90.000000
72400.3,25.904787,90.000000
72430.5,25.838380,91.000004
72460.8,25.816286,91.000004
72491.0,25.882690,91.000004
72521.2,25.838380,91.999998
72551.5,25.794189,91.999998
72581.7,25.816286,94.000006
72611.9,25.838380,95.000000
72642.1,25.749879,96.999998
72672.3,25.816286,100.000000
72702.5,25.882690,101.999998
72732.7,25.816286,104.999995
72762.9,25.860474,106.999993
72793.1,25.838380,109.000004
72823.3,25.794189,109.000004
72853.5,25.860474,109.000004
72883.7,25.860474,109.000004
72914.0,25.860474,109.000004
72944.2,25.860474,109.000004
72974.4,25.838380,109.000004
73004.6,25.882690,111.000001
73034.8,25.838380,112.000000
73065.0,25.860474,114.999998
73095.2,25.838380,116.999996
73125.4,25.882690,120.999992
73155.6,25.860474,124.000001
73185.8,25.860474,126.999998
73216.0,25.926881,130.999994
73246.3,25.926881,135.000002
73276.4,25.860474,138.000000
73306.7,25.882690,139.999998
73336.9,25.882690,142.999992
73367.1,25.838380,144.999990
73397.3,25.860474,148.000002
73427.5,25.860474,150.999999
73457.7,25.838380,153.999996
73487.9,25.838380,156.999993
73518.1,25.838380,159.999990
73548.5,25.838380,163.000002
73578.7,25.882690,165.000000
73608.9,25.860474,168.999996
73639.1,25.882690,175.999999
73669.3,25.816286,179.999995
73699.5,25.860474,181.999989
73729.7,25.904787,178.999996
73759.9,25.926881,176.999998
73790.1,25.860474,173.000002
73820.3,25.926881,169.999990
73850.5,25.882690,166.999998
73880.7,25.860474,165.000000
73911.0,25.904787,163.999996
73941.2,25.904787,163.999996
73971.4,25.838380,163.999996
74001.6,25.882690,163.000002
74031.8,25.904787,161.999998
74062.0,25.882690,161.999998
74092.2,25.904787,161.000004
74122.4,25.949097,161.000004
74152.6,25.882690,159.999990
74182.8,25.949097,159.999990
74213.0,25.949097,161.000004
74243.2,25.904787,161.999998
74273.5,25.882690,163.999996
74303.7,25.949097,165.000000
74333.9,25.949097,167.999992
74364.1,25.926881,169.999990
74394.3,25.904787,171.999989
74424.5,25.926881,173.000002
74454.7,25.926881,173.000002
74484.9,25.926881,173.000002
74515.1,25.949097,173.000002
74545.3,25.926881,173.000002
74575.6,25.904787,171.999989
74605.9,25.926881,170.999994
74636.1,25.926881,170.999994
74666.3,25.949097,169.999990
74696.5,25.949097,169.999990
74726.7,25.926881,168.999996
74756.9,25.993409,168.999996
74787.2,25.971191,167.999992
74817.3,26.059816,168.999996
74847.6,25.949097,167.999992
74877.7,26.037719,168.999996
74908.0,25.993409,169.999990
74938.2,25.993409,169.999990
74968.4,25.993409,171.999989
74998.6,25.949097,173.000002
75028.8,25.971191,174.000001
75059.0,25.993409,174.000001
75089.2,25.993409,174.000001
75119.4,26.015625,173.000002
75149.6,25.993409,170.999994
75179.8,26.037719,168.999996
75210.1,26.015625,165.999994
75240.2,25.971191,163.999996
75270.5,26.015625,163.000002
75300.7,26.015625,161.000004
75330.9,26.037719,161.000004
75361.1,26.015625,161.000004
75391.3,26.015625,161.999998
75421.5,26.059816,163.999996
75451.7,26.082032,165.999994
75481.9,26.059816,107.999992
75512.1,26.037719,113.999999
75542.3,26.059816,186.999998
75572.6,26.015625,190.999994
75602.7,26.037719,190.999994
75633.0,26.037719,190.000000
75663.3,26.059816,190.000000
75693.5,26.104248,190.000000
75723.7,26.059816,188.999996
75753.9,26.037719,186.999998
75784.2,26.059816,188.000002
75814.3,26.037719,188.000002
75844.6,26.104248,186.000004
75874.8,26.082032,184.999990
75905.0,26.148560,186.999998
75935.2,26.170776,184.999990
75965.4,26.126344,186.000004
75995.6,26.170776,184.999990
76025.8,26.170776,186.000004
76056.0,26.126344,188.000002
76086.2,26.037719,188.999996
76116.5,26.126344,190.999994
76146.7,26.059816,195.999994
76176.9,26.126344,203.999996
76207.2,26.192994,223.000002
76237.3,26.126344,235.999990
76267.6,26.192994,244.000006
76297.8,26.170776,242.999983
76328.0,26.215210,251.999998
76358.2,26.170776,264.999986
76388.4,26.192994,259.999990
76418.6,26.148560,267.999983
76448.8,26.170776,247.000003
76479.0,26.215210,246.000004
76509.2,26.192994,245.000005
76539.4,26.192994,245.000005
76569.7,26.237428,241.999984
76599.9,26.215210,248.000002
76630.1,26.148560,246.000004
76660.3,26.215210,240.999985
76690.5,26.215210,231.999993
76720.7,26.148560,229.999995
76751.0,26.303957,246.000004
76781.2,26.215210,256.999993
76811.5,26.215210,298.000002
76841.7,26.326172,301.999998
76871.9,26.281738,300.999999
76902.1,26.303957,300.000000
76932.3,26.281738,295.000000
76962.5,26.281738,301.999998
76992.7,26.281738,303.999996
77022.9,26.259522,300.999999
77053.1,26.281738,285.999985
77083.3,26.303957,291.999989
77113.5,26.259522,257.999992
77143.7,26.259522,302.999997
77173.9,26.348388,301.999998
77204.1,26.303957,284.999990
77234.3,26.281738,275.000000
77264.6,26.326172,283.999996
77294.8,26.281738,274.000001
77325.0,26.281738,247.000003
77355.2,26.303957,283.999996
77385.4,26.348388,300.999999
77415.6,26.326172,281.999989
77445.8,26.326172,251.999998
77476.0,26.392822,225.000000
77506.2,26.370606,230.999994
77536.4,26.348388,235.999990
77566.6,26.348388,260.999990
77596.8,26.348388,285.999985
77627.0,26.326172,305.999994
77657.2,26.348388,303.999996
77687.4,26.392822,302.999997
77717.7,26.348388,266.999984
77747.9,26.370606,274.000001
77778.1,26.459472,258.999991
77808.4,26.392822,304.999995
77838.6,26.459472,302.999997
77868.8,26.415040,302.999997
77899.0,26.481690,254.999995
77929.2,26.392822,256.999993
77959.4,26.392822,300.999999
77989.6,26.459472,300.999999
78019.8,26.437256,296.000004
78050.1,26.504028,285.999985
78080.2,26.481690,275.000000
78110.5,26.459472,271.000004
78140.7,26.437256,264.999986
78170.9,26.526246,277.999997
78201.1,26.459472,289.999981
78231.3,26.415040,296.000004
78261.5,26.481690,298.999996
78291.7,26.481690,296.000004
78321.9,26.504028,300.000000
78352.1,26.526246,298.000002
78382.3,26.504028,298.999996
78412.5,26.526246,295.000000
78442.7,26.504028,298.000002
78472.9,26.548462,288.999987
78503.2,26.504028,250.999999
78533.3,26.504028,264.999986
78563.6,26.526246,253.999996
78593.8,26.548462,301.999998
78624.0,26.526246,302.999997
78654.2,26.504028,295.000000
78684.4,26.570680,245.000005
78714.6,26.548462,200.999999
78744.8,26.548462,286.999989
78775.0,26.570680,277.999997
78805.2,26.593018,246.000004
78835.4,26.570680,250.999999
78865.7,26.615236,214.999986
78896.0,26.637573,220.000005
78926.2,26.615236,222.000003
78956.4,26.593018,225.000000
78986.6,26.637573,287.999992
79016.8,26.104248,303.999996
79047.0,25.971191,245.000005
79077.2,26.037719,278.999996
79107.4,26.015625,224.000001
79137.6,26.037719,300.000000
79167.8,26.126344,304.999995
79198.0,26.192994,302.999997
79228.2,26.215210,196.999989
79258.4,26.192994,177.999997
79288.7,26.215210,188.999996
79318.9,26.259522,207.999992
79349.1,26.281738,269.000006
79379.3,26.281738,302.999997
79409.5,26.303957,304.999995
79439.7,26.392822,304.999995
79469.9,26.392822,301.999998
79500.1,26.415040,304.999995
79530.3,26.504028,258.999991
79560.5,26.459472,221.000004
79590.7,26.526246,300.000000
79620.9,26.481690,248.000002
79651.2,26.548462,259.999990
79681.3,26.548462,181.999989
79711.6,26.593018,165.000000
79741.7,26.570680,159.999990
79772.0,26.570680,154.999995
79802.2,26.570680,152.999997
79832.4,26.615236,152.999997
79862.6,26.615236,161.000004
79892.8,26.659913,158.999991
79923.0,26.659913,155.999994
79953.3,26.637573,149.000001
79983.6,26.637573,145.999994
80013.8,26.637573,140.999994
80044.0,26.659913,139.999998
80074.2,26.637573,138.999998
80104.4,26.570680,139.999998
80134.6,26.682007,139.999998
80164.8,26.637573,140.999994
80195.0,26.704347,144.999990
80225.2,26.682007,148.000002
80255.4,26.726685,152.999997
80285.7,26.682007,154.999995
80315.8,26.748903,155.999994
80346.1,26.726685,157.999992
80376.2,26.726685,161.000004
80406.5,26.748903,161.999998
80436.7,26.748903,161.999998
80466.9,26.748903,163.999996
80497.2,26.771240,163.000002
80527.3,26.726685,163.000002
80557.5,26.771240,161.000004
80587.7,26.771240,161.000004
80617.9,26.726685,159.999990
80648.1,26.793580,157.999992
80678.3,26.793580,157.999992
80708.5,26.748903,156.999993
80738.7,26.748903,154.999995
80768.9,26.771240,156.999993
80799.1,26.771240,156.999993
80829.3,26.793580,154.999995
80859.5,26.771240,152.999997
80889.7,26.860473,152.999997
80919.9,26.748903,151.999998
80950.1,26.838136,153.999996
80980.3,26.815796,157.999992
81010.7,26.905029,157.999992
81040.8,26.860473,155.999994
81071.0,26.815796,150.999999
81101.2,26.838136,165.999994
81131.4,26.838136,221.000004
81161.6,26.838136,290.999985
81191.8,26.860473,279.999995
81222.0,26.905029,270.000005
81252.3,26.927369,261.999989
81282.4,26.905029,239.999986
81312.6,26.905029,250.999999
81342.8,26.905029,241.999984
81373.0,26.927369,222.000003
81403.2,26.927369,207.999992
81433.4,26.927369,198.999996
81463.6,26.927369,203.999996
81493.8,26.949708,190.999994
81524.0,26.949708,100.999999
81554.2,26.949708,91.000004
81584.4,26.927369,94.000006
81614.6,26.972046,165.999994
81644.8,26.882813,163.000002
81675.0,26.927369,152.999997
81705.2,26.905029,139.999998
81735.4,26.882813,129.999995
81765.6,26.949708,118.999994
81795.8,26.905029,118.999994
81826.0,26.949708,116.999996
81856.2,26.927369,106.999993
81886.4,26.972046,90.000000
81916.6,26.905029,93.000002
81946.8,26.972046,91.000004
81977.0,26.927369,90.000000
82007.2,26.927369,86.999998
82037.4,26.882813,80.000000
82067.7,26.994386,81.999998
82097.9,26.882813,86.000004
82128.2,26.949708,90.000000
82158.3,26.927369,93.000002
82188.6,26.882813,96.999998
82218.8,26.972046,99.000006
82249.0,26.994386,103.999996
82279.2,26.972046,106.999993
82309.3,26.972046,98.000002
82339.6,26.972046,96.999998
82369.7,27.039063,96.000004
82400.0,26.949708,93.000002
82430.2,26.994386,93.000002
82460.4,26.972046,96.000004
82490.6,27.039063,113.999999
82520.8,27.039063,184.999990
82551.0,27.016723,216.999984
82581.2,27.016723,214.999986
82611.4,27.039063,191.999998
82641.6,27.016723,215.999985
82671.8,27.016723,153.999996
82702.0,26.994386,140.999994
82732.2,26.994386,109.000004
82762.4,26.994386,102.999997
82792.6,26.994386,77.000003
82822.8,27.016723,73.000002
82853.0,26.949708,74.000001
82883.2,26.972046,77.000003
82913.4,26.949708,75.999999
82943.6,26.949708,72.000003
82973.8,26.972046,70.999999
83004.0,26.927369,68.000002
83034.2,26.927369,65.999999
83064.4,26.972046,65.000000
83094.6,26.972046,65.000000
83124.8,26.972046,65.000000
83155.0,26.972046,63.000002
83185.3,26.949708,62.000003
83215.5,26.927369,59.000001
83245.7,26.905029,57.000003
83275.9,26.927369,57.000003
83306.1,26.972046,55.999999
83336.3,26.972046,55.999999
83366.5,26.949708,59.000001
83396.7,26.949708,60.999999
83426.9,27.016723,67.000003
83457.1,26.972046,70.999999
83487.3,26.972046,75.000000
83517.5,27.016723,74.000001
83547.7,26.972046,72.000003
83577.9,26.927369,72.000003
83608.1,26.905029,70.000000
83638.3,26.927369,70.000000
83668.5,26.905029,68.000002
83698.7,26.882813,65.999999
83728.9,26.949708,65.999999
83759.1,26.927369,65.000000
83789.3,26.972046,65.000000
83819.5,26.994386,65.999999
83849.7,26.949708,65.000000
83879.9,26.949708,63.000002
83910.1,26.972046,65.000000
83940.3,26.994386,63.000002
83970.5,26.994386,63.000002
84000.7,26.994386,62.000003
84030.9,26.949708,60.000000
84061.1,26.994386,59.000001
84091.3,26.949708,59.000001
84121.5,26.949708,60.999999
84151.7,26.972046,63.000002
84181.9,26.972046,62.000003
84212.1,26.994386,63.000002
84242.3,26.972046,64.000001
84272.7,26.972046,62.000003
84302.8,26.949708,63.000002
84333.1,26.994386,65.000000
84363.3,26.994386,65.000000
84393.4,26.994386,65.999999
84423.7,27.039063,65.999999
84453.8,27.039063,64.000001
84484.0,26.972046,63.000002
84514.2,26.994386,62.000003
84544.4,27.061403,64.000001
84574.7,27.016723,62.000003
84604.8,27.016723,62.000003
84635.1,27.016723,59.000001
84665.3,27.016723,55.000000
84695.4,26.949708,54.000001
84725.7,27.016723,55.000000
84755.8,27.016723,54.000001
84786.0,27.061403,53.000002
84816.3,26.994386,54.000001
84846.5,27.039063,53.000002
84876.7,27.016723,53.000002
84906.9,27.128417,54.000001
84937.1,27.083740,55.999999
84967.3,27.061403,59.000001
84997.5,27.061403,58.000002
85027.7,27.061403,60.999999
85057.8,27.061403,60.000000
85088.0,27.039063,62.000003
85118.2,27.128417,60.000000
85148.4,27.061403,60.999999
85178.6,27.061403,57.000003
85208.8,27.061403,55.000000
85239.0,27.083740,52.000003
85269.2,27.061403,50.999999
85299.4,27.016723,49.000001
85329.6,27.106080,48.000002
85359.8,27.106080,48.000002
85390.1,27.083740,48.000002
85420.3,27.061403,47.000003
85450.5,27.083740,48.000002
85480.7,27.128417,49.000001
85510.9,27.061403,50.000000
85541.1,27.061403,50.999999
85571.3,27.039063,50.999999
85601.5,27.106080,52.000003
85631.7,27.106080,50.999999
85661.9,27.106080,50.999999
85692.1,27.150879,52.000003
85722.2,27.106080,52.000003
85752.4,27.061403,53.000002
85782.7,27.150879,54.000001
85812.8,27.083740,55.000000
85843.0,27.083740,55.999999
85873.3,27.061403,57.000003
85903.4,27.128417,60.000000
85933.6,27.106080,62.000003
85963.8,27.061403,63.000002
85994.0,27.083740,63.000002
86024.2,27.083740,63.000002
86054.4,27.128417,64.000001
86084.6,27.083740,64.000001
86114.8,27.128417,64.000001
86145.0,27.128417,64.000001
86175.2,27.083740,64.000001
86205.4,27.083740,65.999999
86235.6,27.128417,65.000000
86265.8,27.106080,67.000003
86296.0,27.128417,69.000001
86326.2,27.083740,69.000001
86356.4,27.083740,70.999999
86386.6,27.128417,70.999999
86416.7,27.195556,72.000003
86446.9,27.150879,75.000000
86477.3,27.106080,75.999999
86507.5,27.083740,77.000003
86537.7,27.106080,78.000002
86567.9,27.083740,78.000002
86598.1,27.106080,80.000000
86628.2,27.150879,81.000004
86658.5,27.083740,81.000004
86688.7,27.128417,81.999998
86718.9,27.106080,80.000000
86749.1,27.061403,80.000000
86779.3,27.083740,79.000001
86809.5,27.173219,77.000003
86839.7,27.128417,75.999999
86869.8,27.150879,73.000002
86900.1,27.128417,72.000003
86930.2,27.173219,69.000001
86960.4,27.150879,69.000001
86990.7,27.150879,68.000002
87020.8,27.128417,67.000003
87051.0,27.173219,65.999999
87081.3,27.150879,64.000001
87111.4,27.128417,64.000001
87141.7,27.150879,65.000000
87171.8,27.195556,62.000003
87202.1,27.173219,64.000001
87232.2,27.173219,62.000003
87262.4,27.150879,63.000002
87292.7,27.218018,63.000002
87322.8,27.106080,62.000003
87353.0,27.173219,64.000001
87383.3,27.150879,63.000002
87413.4,27.128417,63.000002
87443.6,27.195556,63.000002
87473.8,27.218018,62.000003
87504.0,27.195556,62.000003
87534.2,27.173219,64.000001
87564.4,27.150879,65.000000
87594.7,27.106080,64.000001
87625.0,27.128417,65.000000
87655.2,27.150879,65.000000
87685.4,27.128417,67.000003
87715.6,27.128417,67.000003
87745.8,27.128417,67.000003
87776.0,27.150879,68.000002
87806.2,27.128417,69.000001
87836.4,27.173219,68.000002
87866.6,27.128417,70.000000
87896.7,27.128417,70.000000
87927.0,27.150879,70.000000
87957.2,27.218018,70.999999
87987.3,27.106080,70.000000
88017.6,27.195556,70.999999
88047.8,27.240357,73.000002
88078.0,27.150879,72.000003
88108.2,27.218018,74.000001
88138.3,27.195556,75.000000
88168.6,27.195556,75.000000
88198.7,27.195556,74.000001
88229.0,27.218018,75.999999
88259.2,27.195556,75.999999
88289.3,27.218018,75.999999
88319.6,27.218018,75.999999
88349.8,27.262819,74.000001
88379.9,27.150879,75.999999
88410.2,27.218018,75.000000
88440.3,27.195556,74.000001
88470.6,27.240357,75.000000
88500.7,27.195556,75.000000
88531.0,27.150879,75.000000
88561.2,27.195556,75.000000
88591.3,27.195556,75.000000
88621.6,27.195556,75.999999
88651.8,27.195556,77.000003
88682.1,27.240357,75.999999
88712.3,27.262819,78.000002
88742.5,27.218018,75.999999
88772.7,27.262819,79.000001
88802.9,27.195556,79.000001
88833.1,27.218018,80.000000
88863.3,27.218018,80.000000
88893.5,27.218018,81.000004
88923.7,27.262819,81.000004
88953.9,27.240357,79.000001
88984.1,27.240357,80.000000
89014.3,27.262819,80.000000
89044.5,27.240357,81.000004
89074.7,27.240357,81.000004
89104.9,27.285156,81.999998
89135.1,27.262819,81.000004
89165.3,27.240357,83.000002
89195.5,27.262819,80.000000
89225.7,27.262819,80.000000
89256.0,27.240357,81.000004
89286.2,27.285156,81.000004
89316.3,27.218018,79.000001
89346.6,27.262819,79.000001
89376.7,27.240357,79.000001
89407.0,27.262819,78.000002
89437.2,27.262819,78.000002
89467.4,27.262819,78.000002
89497.6,27.240357,75.999999
89527.8,27.307496,75.000000
89558.0,27.262819,75.999999
89588.2,27.329957,73.000002
89618.4,27.240357,73.000002
89648.6,27.285156,73.000002
89678.8,27.307496,73.000002
89709.0,27.262819,70.999999
89739.2,27.285156,70.999999
89769.4,27.262819,70.000000
89799.7,27.195556,70.999999
89830.0,27.195556,70.000000
89860.2,27.285156,69.000001
89890.4,27.240357,69.000001
89920.6,27.218018,68.000002
89950.8,27.262819,68.000002
89981.0,27.285156,67.000003
90011.2,27.285156,68.000002
90041.4,27.285156,68.000002
90071.6,27.285156,68.000002
90101.8,27.329957,67.000003
90132.0,27.218018,68.000002
90162.2,27.240357,68.000002
90192.4,27.262819,65.999999
90222.7,27.240357,68.000002
90252.8,27.218018,69.000001
90283.1,27.285156,68.000002
90313.2,27.262819,69.000001
90343.5,27.195556,68.000002
90373.6,27.240357,70.000000
90403.9,27.195556,69.000001
90434.1,27.262819,70.000000
90464.3,27.285156,70.000000
90494.5,27.285156,70.000000
90524.7,27.240357,70.999999
90554.9,27.285156,69.000001
90585.1,27.307496,68.000002
90615.3,27.307496,67.000003
90645.5,27.285156,69.000001
90675.7,27.307496,70.000000
90705.9,27.307496,70.000000
90736.2,27.285156,69.000001
90766.4,27.240357,68.000002
90796.6,27.285156,69.000001
90826.8,27.285156,69.000001
90857.0,27.285156,70.999999
90887.2,27.307496,70.999999
90917.6,27.329957,70.999999
90947.8,27.307496,73.000002
90978.0,27.285156,73.000002
91008.2,27.240357,73.000002
91038.4,27.352295,70.999999
91068.6,27.352295,74.000001
91098.8,27.285156,72.000003
91129.0,27.285156,74.000001
91159.2,27.307496,75.000000
91189.4,27.307496,74.000001
91219.7,27.329957,75.999999
91249.9,27.374756,75.999999
91280.1,27.285156,75.999999
91310.3,27.307496,77.000003
91340.5,27.352295,75.000000
91370.7,27.262819,78.000002
91400.9,27.374756,78.000002
91431.1,27.307496,78.000002
91461.3,27.285156,77.000003
91491.5,27.262819,78.000002
91521.7,27.329957,77.000003
91552.0,27.352295,77.000003
91582.2,27.397218,77.000003
91612.4,27.352295,75.000000
91642.6,27.285156,75.999999
91672.8,27.419679,74.000001
91703.0,27.329957,75.000000
91733.2,27.352295,75.000000
91763.4,27.419679,73.000002
91793.7,27.397218,70.999999
91823.9,27.397218,70.000000
91854.1,27.307496,70.999999
91884.3,27.352295,68.000002
91914.5,27.397218,68.000002
91944.7,27.329957,65.000000
91974.9,27.262819,63.000002
92005.2,27.307496,64.000001
92035.5,27.329957,63.000002
92065.7,27.352295,62.000003
92095.9,27.307496,63.000002
92126.1,27.397218,63.000002
92156.3,27.352295,60.999999
92186.5,27.374756,63.000002
92216.7,27.352295,60.999999
92246.9,27.352295,62.000003
92277.1,27.329957,62.000003
92307.3,27.352295,62.000003
92337.6,27.307496,62.000003
92367.7,27.285156,60.999999
92398.0,27.307496,60.000000
92428.2,27.285156,60.999999
92458.4,27.285156,60.999999
92488.6,27.307496,60.000000
92518.8,27.307496,60.999999
92549.0,27.329957,59.000001
92579.3,27.307496,59.000001
92609.5,27.352295,59.000001
92639.7,27.374756,57.000003
92669.9,27.352295,58.000002
92700.1,27.329957,58.000002
92730.3,27.352295,57.000003
92760.5,27.374756,59.000001
92790.7,27.374756,60.000000
92821.0,27.397218,59.000001
92851.2,27.329957,58.000002
92881.4,27.329957,58.000002
92911.6,27.329957,59.000001
92941.8,27.307496,57.000003
92972.0,27.307496,58.000002
93002.2,27.374756,58.000002
93032.4,27.307496,57.000003
93062.7,27.307496,57.000003
93092.9,27.352295,58.000002
93123.2,27.374756,58.000002
93153.4,27.397218,59.000001
93183.7,27.352295,58.000002
93213.9,27.307496,57.000003
93244.1,27.374756,57.000003
93274.3,27.307496,58.000002
93304.5,27.307496,57.000003
93334.7,27.352295,55.999999
93364.9,27.307496,55.000000
93395.2,27.307496,57.000003
93425.4,27.262819,55.999999
93455.6,27.307496,54.000001
93485.8,27.307496,55.999999
93516.0,27.352295,55.999999
93546.2,27.374756,55.000000
93576.4,27.352295,55.000000
93606.7,27.374756,53.000002
93636.9,27.329957,50.999999
93667.1,27.374756,36.000001
93697.3,27.352295,35.000000
93727.5,27.329957,36.000001
93757.7,27.352295,37.000000
93787.9,27.352295,36.000001
93818.1,27.666504,17.000000
